0.8409253023981981
4.269218273580243
3.8163575396270417
9.633708342533915
10.08728904861268
4.369618355017386
12.378057635664849
7.892202055867735
11.897917846650907
14.758438606876089
8.086913358463852
7.0036326075875035
10.996393545241338
10.34842760661216
8.082504291205781
6.998740942792952
15.290152318052083
17.133247481991692
7.473532707708073
7.607398292569885
8.014271509374836
13.866147186585613
12.299954608176709
8.73341731093577
8.257171052044496
20.310300423653032
2.693690741628649
3.690758878608398
8.343779313373954
5.55204127263808
10.03928271210303
8.760782547767269
6.682810416218997
12.572484981821573
15.686992526578955
8.007563850187907
10.066741869080097
7.364124393837397
19.756554498291422
4.66902841587334
9.62289190932487
7.134368759074519
16.156504558578376
19.270048736887034
12.092669157830722
6.910028245107902
15.340397213553576
4.069764391921433
5.142681519859263
5.14638351277728
17.201395242669335
5.89288819438271
6.097924136242648
5.078367036561206
11.31736816435004
3.2863904504875103
4.789802374017719
4.789837378694558
19.09894916635063
23.712830749805224
4.043781224066648
6.003607068977245
2.6429575211760894
23.277550693679014
28.59993403433019
5.7638138937095755
2.6193321271661807
19.782802569312114
13.721260760783172
3.1961963852994386
2.3763711735234208
10.411747357818342
127.0
