-1.870000000000000000e+02
1.863000000000000000e+03
7.030000000000000000e+02
-3.380000000000000000e+02
2.583000000000000000e+03
-3.830000000000000000e+02
-2.920000000000000000e+02
4.780000000000000000e+02
1.672000000000000000e+03
3.348000000000000000e+03
1.379000000000000000e+03
1.124000000000000000e+03
1.750000000000000000e+03
3.011000000000000000e+03
9.890000000000000000e+02
2.363000000000000000e+03
1.834000000000000000e+03
1.178000000000000000e+03
1.949000000000000000e+03
1.026000000000000000e+03
2.447000000000000000e+03
2.496000000000000000e+03
2.088000000000000000e+03
-3.260000000000000000e+02
2.015000000000000000e+03
-1.082000000000000000e+03
2.893000000000000000e+03
-3.250000000000000000e+02
1.919000000000000000e+03
6.380000000000000000e+02
5.840000000000000000e+02
1.223000000000000000e+03
1.933000000000000000e+03
-1.851000000000000000e+03
2.485000000000000000e+03
2.453000000000000000e+03
-3.130000000000000000e+02
2.246000000000000000e+03
2.118000000000000000e+03
-9.240000000000000000e+02
-1.209000000000000000e+03
2.057000000000000000e+03
5.266000000000000000e+03
2.880000000000000000e+02
3.670000000000000000e+02
-1.080000000000000000e+02
8.580000000000000000e+02
4.950000000000000000e+03
1.926000000000000000e+03
8.960000000000000000e+02
1.596000000000000000e+03
1.926000000000000000e+03
2.044000000000000000e+03
2.192000000000000000e+03
2.257000000000000000e+03
3.720000000000000000e+02
6.820000000000000000e+02
1.320000000000000000e+02
-2.500000000000000000e+01
4.080000000000000000e+02
-3.470000000000000000e+03
-2.500000000000000000e+01
1.751000000000000000e+03
7.030000000000000000e+02
2.591000000000000000e+03
8.186000000000000000e+03
1.450000000000000000e+03
2.325000000000000000e+03
3.270000000000000000e+02
-8.300000000000000000e+02
1.214000000000000000e+03
1.401000000000000000e+03
1.144000000000000000e+03
1.172000000000000000e+03
1.987000000000000000e+03
1.802000000000000000e+03
6.020000000000000000e+02
1.024000000000000000e+03
1.366000000000000000e+03
-1.319000000000000000e+03
4.340000000000000000e+02
1.677000000000000000e+03
2.263000000000000000e+03
1.490000000000000000e+02
2.038000000000000000e+03
2.231000000000000000e+03
-2.770000000000000000e+02
-3.050000000000000000e+02
2.627000000000000000e+03
1.517000000000000000e+03
1.528000000000000000e+03
-7.540000000000000000e+02
-4.080000000000000000e+02
1.392000000000000000e+03
2.480000000000000000e+03
-5.650000000000000000e+02
-4.900000000000000000e+02
7.870000000000000000e+02
1.634000000000000000e+03
2.601000000000000000e+03
2.960000000000000000e+02
2.445000000000000000e+03
2.348000000000000000e+03
1.029000000000000000e+03
6.480000000000000000e+02
1.689000000000000000e+03
2.263000000000000000e+03
3.820000000000000000e+02
2.750000000000000000e+02
1.611000000000000000e+03
3.036000000000000000e+03
1.044000000000000000e+03
7.010000000000000000e+02
1.172000000000000000e+03
1.736000000000000000e+03
2.201000000000000000e+03
9.610000000000000000e+02
-3.640000000000000000e+02
-2.770000000000000000e+02
2.675000000000000000e+03
3.834000000000000000e+03
1.680000000000000000e+03
2.501000000000000000e+03
6.710000000000000000e+02
1.792000000000000000e+03
2.254000000000000000e+03
-1.020000000000000000e+02
2.346000000000000000e+03
-1.504000000000000000e+03
1.550000000000000000e+03
-5.400000000000000000e+02
1.341000000000000000e+03
1.500000000000000000e+02
1.956000000000000000e+03
2.044000000000000000e+03
-1.650000000000000000e+02
2.190000000000000000e+03
3.910000000000000000e+02
2.887000000000000000e+03
2.437000000000000000e+03
9.600000000000000000e+02
1.014000000000000000e+03
1.841000000000000000e+03
-3.030000000000000000e+02
1.939000000000000000e+03
2.746000000000000000e+03
2.103000000000000000e+03
8.740000000000000000e+02
2.127000000000000000e+03
1.347000000000000000e+03
1.160000000000000000e+02
1.498000000000000000e+03
2.238000000000000000e+03
1.165000000000000000e+03
1.057000000000000000e+03
2.960000000000000000e+03
2.213000000000000000e+03
3.297000000000000000e+03
-8.620000000000000000e+02
7.240000000000000000e+02
4.640000000000000000e+02
1.875000000000000000e+03
1.260000000000000000e+03
1.610000000000000000e+02
1.050000000000000000e+03
-1.001000000000000000e+03
1.641000000000000000e+03
1.715000000000000000e+03
2.100000000000000000e+01
1.232000000000000000e+03
1.167000000000000000e+03
2.778000000000000000e+03
1.173000000000000000e+03
2.126000000000000000e+03
3.054000000000000000e+03
1.530000000000000000e+03
9.930000000000000000e+02
5.920000000000000000e+02
-2.570000000000000000e+02
1.749000000000000000e+03
-4.140000000000000000e+02
2.771000000000000000e+03
3.900000000000000000e+01
4.598000000000000000e+03
2.031000000000000000e+03
-6.010000000000000000e+02
2.436000000000000000e+03
1.502000000000000000e+03
1.236000000000000000e+03
1.562000000000000000e+03
2.180000000000000000e+03
2.376000000000000000e+03
1.434000000000000000e+03
1.692000000000000000e+03
7.100000000000000000e+02
1.584000000000000000e+03
1.664000000000000000e+03
4.910000000000000000e+02
1.152000000000000000e+03
2.135000000000000000e+03
2.515000000000000000e+03
2.077000000000000000e+03
1.738000000000000000e+03
1.482000000000000000e+03
1.335000000000000000e+03
1.271000000000000000e+03
1.885000000000000000e+03
1.725000000000000000e+03
2.406000000000000000e+03
2.638000000000000000e+03
1.850000000000000000e+02
2.795000000000000000e+03
1.270000000000000000e+03
-3.750000000000000000e+02
2.363000000000000000e+03
1.361000000000000000e+03
-1.666000000000000000e+03
2.166000000000000000e+03
-4.600000000000000000e+02
4.030000000000000000e+02
2.812000000000000000e+03
-2.231000000000000000e+03
1.553000000000000000e+03
1.209000000000000000e+03
2.591000000000000000e+03
1.750000000000000000e+03
7.710000000000000000e+02
1.217000000000000000e+03
1.541000000000000000e+03
1.808000000000000000e+03
8.260000000000000000e+02
7.740000000000000000e+02
1.242000000000000000e+03
2.680000000000000000e+02
1.224000000000000000e+03
4.300000000000000000e+02
1.918000000000000000e+03
1.701000000000000000e+03
1.892000000000000000e+03
1.360000000000000000e+03
2.069000000000000000e+03
1.390000000000000000e+02
8.270000000000000000e+02
1.813000000000000000e+03
1.658000000000000000e+03
2.321000000000000000e+03
1.946000000000000000e+03
1.965000000000000000e+03
2.442000000000000000e+03
1.208000000000000000e+03
2.492000000000000000e+03
1.771000000000000000e+03
1.354000000000000000e+03
-3.435000000000000000e+03
2.673000000000000000e+03
2.348000000000000000e+03
1.928000000000000000e+03
-3.240000000000000000e+02
1.550000000000000000e+02
1.970000000000000000e+03
1.975000000000000000e+03
2.434000000000000000e+03
1.290000000000000000e+03
1.250000000000000000e+02
7.340000000000000000e+02
2.704000000000000000e+03
2.528000000000000000e+03
5.730000000000000000e+02
1.942000000000000000e+03
2.970000000000000000e+02
7.090000000000000000e+02
1.794000000000000000e+03
2.717000000000000000e+03
1.797000000000000000e+03
6.160000000000000000e+02
1.714000000000000000e+03
1.582000000000000000e+03
-2.920000000000000000e+02
4.550000000000000000e+02
1.910000000000000000e+03
2.444000000000000000e+03
9.410000000000000000e+02
1.814000000000000000e+03
2.641000000000000000e+03
3.010000000000000000e+02
1.007000000000000000e+03
6.090000000000000000e+02
1.440000000000000000e+03
-1.537000000000000000e+03
1.974000000000000000e+03
9.190000000000000000e+02
3.094000000000000000e+03
1.464000000000000000e+03
8.440000000000000000e+02
4.080000000000000000e+02
1.221000000000000000e+03
1.292000000000000000e+03
8.180000000000000000e+02
-3.760000000000000000e+02
2.161000000000000000e+03
-4.300000000000000000e+01
7.610000000000000000e+02
1.122000000000000000e+03
1.461000000000000000e+03
1.681000000000000000e+03
-4.323000000000000000e+03
1.234000000000000000e+03
8.540000000000000000e+02
1.603000000000000000e+03
1.734000000000000000e+03
7.310000000000000000e+02
9.740000000000000000e+02
7.020000000000000000e+02
-3.076000000000000000e+03
-2.516000000000000000e+03
2.501000000000000000e+03
-1.416000000000000000e+03
-7.340000000000000000e+02
3.000000000000000000e+00
8.220000000000000000e+02
6.970000000000000000e+02
1.637000000000000000e+03
1.925000000000000000e+03
3.321000000000000000e+03
1.726000000000000000e+03
1.127000000000000000e+03
1.167000000000000000e+03
-1.580000000000000000e+02
2.492000000000000000e+03
5.180000000000000000e+02
-8.680000000000000000e+02
1.830000000000000000e+03
1.722000000000000000e+03
3.419000000000000000e+03
2.069000000000000000e+03
-1.141300000000000000e+04
-8.380000000000000000e+02
-6.490000000000000000e+02
2.330000000000000000e+02
3.480000000000000000e+02
2.513000000000000000e+03
2.617000000000000000e+03
3.369000000000000000e+03
3.201000000000000000e+03
4.880000000000000000e+02
3.397000000000000000e+03
2.562000000000000000e+03
-5.420000000000000000e+02
2.206000000000000000e+03
-8.230000000000000000e+02
1.365000000000000000e+03
-4.780000000000000000e+02
1.260000000000000000e+03
5.300000000000000000e+02
1.610000000000000000e+03
2.023000000000000000e+03
1.723000000000000000e+03
1.369000000000000000e+03
9.880000000000000000e+02
1.308000000000000000e+03
1.529000000000000000e+03
5.660000000000000000e+02
1.085000000000000000e+03
2.006000000000000000e+03
1.825000000000000000e+03
1.469000000000000000e+03
1.712000000000000000e+03
1.394000000000000000e+03
-3.923000000000000000e+03
1.067000000000000000e+03
1.334000000000000000e+03
-2.334000000000000000e+03
1.732000000000000000e+03
-9.970000000000000000e+02
1.548000000000000000e+03
1.864000000000000000e+03
7.590000000000000000e+02
6.000000000000000000e+01
6.660000000000000000e+02
-1.192000000000000000e+03
2.140000000000000000e+02
2.612000000000000000e+03
1.200000000000000000e+03
-1.800000000000000000e+03
1.407000000000000000e+03
1.150000000000000000e+02
2.325000000000000000e+03
3.600000000000000000e+02
-2.310000000000000000e+03
1.407000000000000000e+03
2.764000000000000000e+03
9.970000000000000000e+02
1.572000000000000000e+03
2.159000000000000000e+03
9.250000000000000000e+02
-1.486000000000000000e+03
1.811000000000000000e+03
1.073000000000000000e+03
-2.630000000000000000e+02
-1.112000000000000000e+03
7.430000000000000000e+02
-3.400000000000000000e+02
2.461000000000000000e+03
4.400000000000000000e+01
1.484000000000000000e+03
1.435000000000000000e+03
1.013000000000000000e+03
8.480000000000000000e+02
1.257000000000000000e+03
2.047000000000000000e+03
1.690000000000000000e+03
-4.800000000000000000e+02
1.360000000000000000e+03
1.227000000000000000e+03
-5.300000000000000000e+02
1.829000000000000000e+03
2.435000000000000000e+03
-8.180000000000000000e+02
1.870000000000000000e+03
2.962000000000000000e+03
2.438000000000000000e+03
-8.620000000000000000e+02
-4.260000000000000000e+02
1.753000000000000000e+03
1.712000000000000000e+03
1.768000000000000000e+03
7.690000000000000000e+02
-2.260000000000000000e+02
-1.405000000000000000e+03
9.770000000000000000e+02
2.766000000000000000e+03
1.934000000000000000e+03
-1.087000000000000000e+03
1.078000000000000000e+03
3.680000000000000000e+02
3.260000000000000000e+02
1.170000000000000000e+02
7.220000000000000000e+02
1.001000000000000000e+03
2.388000000000000000e+03
8.270000000000000000e+02
5.460000000000000000e+02
1.499000000000000000e+03
1.355000000000000000e+03
-8.250000000000000000e+02
-2.220000000000000000e+02
1.628000000000000000e+03
1.227000000000000000e+03
2.536000000000000000e+03
1.760000000000000000e+02
4.850000000000000000e+02
1.817000000000000000e+03
-1.130000000000000000e+02
3.530000000000000000e+02
1.921000000000000000e+03
2.439000000000000000e+03
-3.320000000000000000e+02
-1.472000000000000000e+03
-1.533000000000000000e+04
1.742000000000000000e+03
2.327000000000000000e+03
1.490000000000000000e+03
3.460000000000000000e+02
1.693000000000000000e+03
6.380000000000000000e+02
4.020000000000000000e+02
-1.340000000000000000e+02
5.290000000000000000e+02
1.783000000000000000e+03
1.135000000000000000e+03
1.600000000000000000e+02
-1.230000000000000000e+02
6.470000000000000000e+02
1.483000000000000000e+03
3.600000000000000000e+02
9.690000000000000000e+02
1.623000000000000000e+03
-3.740000000000000000e+02
6.560000000000000000e+02
6.300000000000000000e+01
9.500000000000000000e+02
5.300000000000000000e+02
1.442000000000000000e+03
2.045000000000000000e+03
9.010000000000000000e+02
1.680000000000000000e+02
1.278000000000000000e+03
1.511000000000000000e+03
8.570000000000000000e+02
-3.800000000000000000e+01
1.114000000000000000e+03
8.390000000000000000e+02
-1.012000000000000000e+03
1.985000000000000000e+03
1.863000000000000000e+03
3.280000000000000000e+02
6.880000000000000000e+02
1.465000000000000000e+03
1.253000000000000000e+03
2.361000000000000000e+03
1.017000000000000000e+03
1.373000000000000000e+03
7.460000000000000000e+02
1.319000000000000000e+03
1.323000000000000000e+03
1.877000000000000000e+03
8.430000000000000000e+02
1.373000000000000000e+03
-1.219000000000000000e+03
5.280000000000000000e+02
-4.180000000000000000e+02
2.172000000000000000e+03
