-1.768000000000000000e+03
-1.851000000000000000e+03
-1.192000000000000000e+03
-1.100000000000000000e+03
-7.040000000000000000e+02
-7.090000000000000000e+02
-1.050000000000000000e+03
-6.210000000000000000e+02
-1.036000000000000000e+03
-1.754000000000000000e+03
-1.914000000000000000e+03
-1.265000000000000000e+03
-1.967000000000000000e+03
-1.991000000000000000e+03
-8.080000000000000000e+02
-5.490000000000000000e+02
-1.605000000000000000e+03
-1.020000000000000000e+03
-2.440000000000000000e+02
-1.084000000000000000e+03
7.700000000000000000e+01
-9.190000000000000000e+02
-6.190000000000000000e+02
-1.476000000000000000e+03
-1.584000000000000000e+03
8.200000000000000000e+01
-4.720000000000000000e+02
-1.928000000000000000e+03
-1.239000000000000000e+03
-1.298000000000000000e+03
-1.088000000000000000e+03
-1.650000000000000000e+03
-1.272000000000000000e+03
-2.114000000000000000e+03
1.105000000000000000e+03
-1.529000000000000000e+03
-9.520000000000000000e+02
-1.840000000000000000e+02
-1.536000000000000000e+03
-5.940000000000000000e+02
1.207000000000000000e+03
-8.010000000000000000e+02
-9.360000000000000000e+02
1.840000000000000000e+02
-1.744000000000000000e+03
-1.054000000000000000e+03
-1.842000000000000000e+03
-9.590000000000000000e+02
-1.677000000000000000e+03
-1.542000000000000000e+03
-2.477000000000000000e+03
-1.254000000000000000e+03
-2.347000000000000000e+03
-2.000000000000000000e+02
-2.430000000000000000e+02
-1.854000000000000000e+03
-9.580000000000000000e+02
-2.090000000000000000e+03
-8.790000000000000000e+02
-1.182000000000000000e+03
-1.414000000000000000e+03
-1.828000000000000000e+03
-1.647000000000000000e+03
-9.700000000000000000e+02
-7.090000000000000000e+02
-1.221000000000000000e+03
-1.107000000000000000e+03
-1.538000000000000000e+03
-1.021000000000000000e+03
-5.580000000000000000e+02
-5.140000000000000000e+02
-1.007000000000000000e+03
5.150000000000000000e+02
-1.638000000000000000e+03
-1.636000000000000000e+03
1.031000000000000000e+03
-5.440000000000000000e+02
-6.250000000000000000e+02
4.230000000000000000e+02
-1.655000000000000000e+03
-7.670000000000000000e+02
-1.790000000000000000e+03
-1.316000000000000000e+03
-2.038000000000000000e+03
-1.923000000000000000e+03
-9.520000000000000000e+02
-1.532000000000000000e+03
-8.640000000000000000e+02
-8.590000000000000000e+02
-2.037000000000000000e+03
-1.005000000000000000e+03
-7.390000000000000000e+02
-3.790000000000000000e+02
-1.633000000000000000e+03
-2.299000000000000000e+03
3.510000000000000000e+02
7.440000000000000000e+02
-2.530000000000000000e+02
-7.900000000000000000e+02
-1.104000000000000000e+03
-9.600000000000000000e+02
-1.347000000000000000e+03
-8.570000000000000000e+02
-1.336000000000000000e+03
-1.759000000000000000e+03
-1.387000000000000000e+03
-1.070000000000000000e+03
-1.468000000000000000e+03
-1.450000000000000000e+03
-1.303000000000000000e+03
-3.740000000000000000e+02
-1.909000000000000000e+03
-1.026000000000000000e+03
-6.160000000000000000e+02
-3.250000000000000000e+02
-1.107000000000000000e+03
-1.944000000000000000e+03
-1.296000000000000000e+03
-1.662000000000000000e+03
-3.970000000000000000e+02
-1.842000000000000000e+03
-7.870000000000000000e+02
-1.819000000000000000e+03
-1.556000000000000000e+03
-8.190000000000000000e+02
-2.410000000000000000e+02
-9.990000000000000000e+02
-5.060000000000000000e+02
-1.307000000000000000e+03
-1.112000000000000000e+03
-1.219000000000000000e+03
-1.080000000000000000e+03
-1.317000000000000000e+03
-2.063000000000000000e+03
-1.519000000000000000e+03
-1.856000000000000000e+03
-1.874000000000000000e+03
-8.050000000000000000e+02
-2.930000000000000000e+02
-1.264000000000000000e+03
-8.480000000000000000e+02
-2.298000000000000000e+03
-1.433000000000000000e+03
-2.054000000000000000e+03
-1.327000000000000000e+03
-5.500000000000000000e+01
-1.084000000000000000e+03
-1.270000000000000000e+03
-1.156000000000000000e+03
-1.637000000000000000e+03
-1.693000000000000000e+03
-2.260000000000000000e+02
-1.929000000000000000e+03
-6.360000000000000000e+02
-9.630000000000000000e+02
-8.420000000000000000e+02
-3.800000000000000000e+01
-5.300000000000000000e+01
-1.140000000000000000e+03
-1.392000000000000000e+03
-2.190000000000000000e+03
1.277000000000000000e+03
8.890000000000000000e+02
-5.560000000000000000e+02
-7.100000000000000000e+01
-1.158000000000000000e+03
-1.526000000000000000e+03
4.590000000000000000e+02
-1.635000000000000000e+03
-1.213000000000000000e+03
-2.135000000000000000e+03
-6.600000000000000000e+02
-2.224000000000000000e+03
-4.490000000000000000e+02
-1.310000000000000000e+03
-1.631000000000000000e+03
-7.680000000000000000e+02
-1.412000000000000000e+03
-3.760000000000000000e+02
-3.600000000000000000e+02
-1.958000000000000000e+03
-1.051000000000000000e+03
-1.455000000000000000e+03
-8.850000000000000000e+02
-9.140000000000000000e+02
-1.092000000000000000e+03
2.100000000000000000e+01
-1.337000000000000000e+03
-1.442000000000000000e+03
-1.559000000000000000e+03
-1.689000000000000000e+03
-1.185000000000000000e+03
-6.800000000000000000e+02
6.240000000000000000e+02
-1.226000000000000000e+03
8.810000000000000000e+02
-7.920000000000000000e+02
-1.929000000000000000e+03
-6.720000000000000000e+02
-1.534000000000000000e+03
-1.389000000000000000e+03
-7.170000000000000000e+02
-4.180000000000000000e+02
-4.850000000000000000e+02
-1.565000000000000000e+03
-1.906000000000000000e+03
-1.069000000000000000e+03
-2.288000000000000000e+03
-9.910000000000000000e+02
-1.750000000000000000e+02
-1.257000000000000000e+03
-8.410000000000000000e+02
-1.338000000000000000e+03
-1.333000000000000000e+03
-1.223000000000000000e+03
-7.090000000000000000e+02
-1.200000000000000000e+03
-2.074000000000000000e+03
-5.990000000000000000e+02
-1.492000000000000000e+03
-7.080000000000000000e+02
-1.565000000000000000e+03
-9.870000000000000000e+02
-1.110000000000000000e+03
-1.570000000000000000e+03
-2.061000000000000000e+03
-1.826000000000000000e+03
-6.240000000000000000e+02
-1.450000000000000000e+03
-6.290000000000000000e+02
-1.603000000000000000e+03
-7.740000000000000000e+02
-1.554000000000000000e+03
8.200000000000000000e+01
-8.950000000000000000e+02
-5.640000000000000000e+02
-1.099000000000000000e+03
-3.610000000000000000e+02
-6.590000000000000000e+02
-1.885000000000000000e+03
-1.082000000000000000e+03
-1.330000000000000000e+02
-1.204000000000000000e+03
-1.786000000000000000e+03
6.590000000000000000e+02
6.570000000000000000e+02
-6.440000000000000000e+02
-1.287000000000000000e+03
-8.110000000000000000e+02
-9.670000000000000000e+02
-9.760000000000000000e+02
-1.185000000000000000e+03
-8.810000000000000000e+02
-1.020000000000000000e+03
-1.121000000000000000e+03
-6.700000000000000000e+02
