-4.280000000000000000e+02
3.080000000000000000e+02
3.900000000000000000e+01
-7.120000000000000000e+02
-9.780000000000000000e+02
5.600000000000000000e+01
-1.134000000000000000e+03
-6.380000000000000000e+02
-1.199000000000000000e+03
-5.340000000000000000e+02
-1.406000000000000000e+03
-5.570000000000000000e+02
-1.843000000000000000e+03
4.700000000000000000e+01
-1.224000000000000000e+03
1.377000000000000000e+03
2.470000000000000000e+02
-3.030000000000000000e+02
-1.074000000000000000e+03
-9.540000000000000000e+02
-1.548000000000000000e+03
-1.442000000000000000e+03
-7.100000000000000000e+02
-8.930000000000000000e+02
-5.160000000000000000e+02
-1.337000000000000000e+03
-1.469000000000000000e+03
-1.454000000000000000e+03
-1.227000000000000000e+03
-1.334000000000000000e+03
-1.210000000000000000e+03
-2.023000000000000000e+03
-1.530000000000000000e+02
-9.840000000000000000e+02
-4.070000000000000000e+02
-3.040000000000000000e+02
-1.145000000000000000e+03
-1.344000000000000000e+03
-1.315000000000000000e+03
-9.510000000000000000e+02
1.420000000000000000e+02
-1.449000000000000000e+03
-1.085000000000000000e+03
-6.860000000000000000e+02
-8.300000000000000000e+01
-1.338000000000000000e+03
-1.573000000000000000e+03
4.100000000000000000e+02
-6.330000000000000000e+02
-6.600000000000000000e+01
-9.680000000000000000e+02
4.640000000000000000e+02
-1.364000000000000000e+03
-3.870000000000000000e+02
-8.740000000000000000e+02
-1.032000000000000000e+03
-8.990000000000000000e+02
2.172000000000000000e+03
-1.508000000000000000e+03
-4.930000000000000000e+02
-8.820000000000000000e+02
-2.147000000000000000e+03
-1.740000000000000000e+02
-1.082000000000000000e+03
-1.459000000000000000e+03
-2.389000000000000000e+03
-7.920000000000000000e+02
-1.061000000000000000e+03
-2.200000000000000000e+02
-1.538000000000000000e+03
-3.290000000000000000e+02
-6.030000000000000000e+02
-2.169000000000000000e+03
-5.450000000000000000e+02
-7.540000000000000000e+02
-2.590000000000000000e+02
-2.690000000000000000e+02
-4.060000000000000000e+02
-1.477000000000000000e+03
-1.523000000000000000e+03
5.180000000000000000e+02
-1.440000000000000000e+02
-1.731000000000000000e+03
-1.728000000000000000e+03
-9.080000000000000000e+02
-1.347000000000000000e+03
-1.674000000000000000e+03
-8.080000000000000000e+02
-1.611000000000000000e+03
-1.569000000000000000e+03
-2.400000000000000000e+02
-9.750000000000000000e+02
-6.950000000000000000e+02
-9.190000000000000000e+02
-3.230000000000000000e+02
-4.300000000000000000e+01
-1.048000000000000000e+03
-9.780000000000000000e+02
-8.310000000000000000e+02
-2.552000000000000000e+03
-7.580000000000000000e+02
-1.904000000000000000e+03
-7.430000000000000000e+02
-1.951000000000000000e+03
-7.910000000000000000e+02
-1.681000000000000000e+03
-3.320000000000000000e+02
-9.360000000000000000e+02
-1.144000000000000000e+03
-2.164000000000000000e+03
-2.028000000000000000e+03
-1.706000000000000000e+03
-1.110000000000000000e+03
-9.030000000000000000e+02
-7.840000000000000000e+02
-1.385000000000000000e+03
7.550000000000000000e+02
-4.490000000000000000e+02
-1.074000000000000000e+03
-5.460000000000000000e+02
-6.850000000000000000e+02
-1.050000000000000000e+02
5.830000000000000000e+02
-4.450000000000000000e+02
-1.737000000000000000e+03
-1.157000000000000000e+03
-8.510000000000000000e+02
-1.900000000000000000e+02
-9.840000000000000000e+02
-1.106000000000000000e+03
-3.030000000000000000e+02
-1.458000000000000000e+03
-1.040000000000000000e+02
-1.389000000000000000e+03
-1.052000000000000000e+03
-2.800000000000000000e+01
-1.162000000000000000e+03
-6.160000000000000000e+02
-5.690000000000000000e+02
-4.050000000000000000e+02
-7.210000000000000000e+02
-4.080000000000000000e+02
-5.460000000000000000e+02
-1.552000000000000000e+03
7.670000000000000000e+02
-4.420000000000000000e+02
-3.520000000000000000e+02
-5.730000000000000000e+02
-7.650000000000000000e+02
-1.171000000000000000e+03
-1.491000000000000000e+03
-3.820000000000000000e+02
4.470000000000000000e+02
-2.330000000000000000e+02
-5.400000000000000000e+02
3.000000000000000000e+02
-1.488000000000000000e+03
-6.820000000000000000e+02
-1.163000000000000000e+03
1.141000000000000000e+03
-1.276000000000000000e+03
-2.826000000000000000e+03
-1.714000000000000000e+03
2.980000000000000000e+02
-1.643000000000000000e+03
6.330000000000000000e+02
-5.100000000000000000e+02
1.060000000000000000e+03
-1.530000000000000000e+03
-5.260000000000000000e+02
-1.320000000000000000e+03
-1.239000000000000000e+03
-1.995000000000000000e+03
-3.200000000000000000e+01
7.620000000000000000e+02
2.250000000000000000e+02
-2.051000000000000000e+03
1.660000000000000000e+02
-2.900000000000000000e+01
-2.058000000000000000e+03
-1.011000000000000000e+03
-4.800000000000000000e+02
-1.182000000000000000e+03
-4.500000000000000000e+01
-1.097000000000000000e+03
-1.574000000000000000e+03
-4.560000000000000000e+02
5.200000000000000000e+01
-4.750000000000000000e+02
-2.180000000000000000e+02
-1.969000000000000000e+03
-8.100000000000000000e+02
-1.319000000000000000e+03
-1.740000000000000000e+02
-9.500000000000000000e+01
-5.460000000000000000e+02
-1.668000000000000000e+03
2.680000000000000000e+02
-5.390000000000000000e+02
-1.418000000000000000e+03
-1.268000000000000000e+03
-1.378000000000000000e+03
-8.930000000000000000e+02
-9.470000000000000000e+02
-4.830000000000000000e+02
-1.770000000000000000e+03
8.580000000000000000e+02
-1.223000000000000000e+03
-1.894000000000000000e+03
-6.110000000000000000e+02
-6.020000000000000000e+02
-7.040000000000000000e+02
2.290000000000000000e+02
-9.640000000000000000e+02
-2.100000000000000000e+01
-1.080000000000000000e+03
-5.090000000000000000e+02
-8.800000000000000000e+02
-3.430000000000000000e+02
-1.193000000000000000e+03
-4.160000000000000000e+02
-8.360000000000000000e+02
-1.003000000000000000e+03
2.900000000000000000e+02
-1.944000000000000000e+03
-9.280000000000000000e+02
-2.300000000000000000e+02
-1.321000000000000000e+03
-1.488000000000000000e+03
-2.124000000000000000e+03
-6.980000000000000000e+02
2.780000000000000000e+02
-2.140000000000000000e+02
-1.155000000000000000e+03
-9.160000000000000000e+02
-1.311000000000000000e+03
-1.173000000000000000e+03
-1.958000000000000000e+03
-1.130000000000000000e+03
-3.940000000000000000e+02
-1.416000000000000000e+03
-1.180000000000000000e+02
-1.247000000000000000e+03
-2.148000000000000000e+03
-2.087000000000000000e+03
-1.703000000000000000e+03
-1.105000000000000000e+03
-9.500000000000000000e+01
5.180000000000000000e+02
-1.411000000000000000e+03
-9.340000000000000000e+02
-2.142000000000000000e+03
-6.500000000000000000e+01
-1.675000000000000000e+03
-1.628000000000000000e+03
-6.720000000000000000e+02
