1.500000000000000000e+03
1.338000000000000000e+03
9.340000000000000000e+02
1.013000000000000000e+03
-4.560000000000000000e+02
4.950000000000000000e+02
4.410000000000000000e+02
1.908000000000000000e+03
8.070000000000000000e+02
-2.230000000000000000e+02
8.140000000000000000e+02
-1.178000000000000000e+03
1.815000000000000000e+03
6.560000000000000000e+02
5.640000000000000000e+02
1.179000000000000000e+03
9.100000000000000000e+02
9.590000000000000000e+02
1.752000000000000000e+03
-5.120000000000000000e+02
1.921000000000000000e+03
2.898000000000000000e+03
1.620000000000000000e+03
1.434000000000000000e+03
8.620000000000000000e+02
9.070000000000000000e+02
-1.530000000000000000e+02
9.760000000000000000e+02
1.314000000000000000e+03
4.720000000000000000e+02
9.540000000000000000e+02
3.690000000000000000e+02
1.474000000000000000e+03
9.200000000000000000e+01
4.300000000000000000e+01
1.283000000000000000e+03
1.561000000000000000e+03
1.662000000000000000e+03
6.100000000000000000e+01
-3.800000000000000000e+01
9.190000000000000000e+02
8.910000000000000000e+02
6.990000000000000000e+02
1.217000000000000000e+03
1.421000000000000000e+03
1.012000000000000000e+03
1.419000000000000000e+03
1.967000000000000000e+03
1.533000000000000000e+03
2.590000000000000000e+02
1.227000000000000000e+03
5.170000000000000000e+02
9.400000000000000000e+02
9.180000000000000000e+02
4.580000000000000000e+02
7.480000000000000000e+02
2.065000000000000000e+03
2.350000000000000000e+02
1.657000000000000000e+03
-7.930000000000000000e+02
1.105000000000000000e+03
6.390000000000000000e+02
9.110000000000000000e+02
6.490000000000000000e+02
6.940000000000000000e+02
6.250000000000000000e+02
2.100000000000000000e+01
-1.140000000000000000e+02
-3.400000000000000000e+02
5.000000000000000000e+01
-7.130000000000000000e+02
-3.483000000000000000e+03
6.060000000000000000e+02
-1.224000000000000000e+03
4.240000000000000000e+02
9.100000000000000000e+01
-1.347000000000000000e+03
1.633000000000000000e+03
6.580000000000000000e+02
-6.675000000000000000e+03
1.481000000000000000e+03
1.092000000000000000e+03
2.017000000000000000e+03
9.150000000000000000e+02
5.130000000000000000e+02
1.413000000000000000e+03
5.940000000000000000e+02
1.304000000000000000e+03
1.163000000000000000e+03
-1.032000000000000000e+03
1.333000000000000000e+03
4.910000000000000000e+02
4.400000000000000000e+02
1.380000000000000000e+03
1.332000000000000000e+03
9.970000000000000000e+02
9.680000000000000000e+02
1.300000000000000000e+03
1.046000000000000000e+03
1.699000000000000000e+03
1.469000000000000000e+03
7.930000000000000000e+02
7.340000000000000000e+02
1.161000000000000000e+03
1.174000000000000000e+03
1.699000000000000000e+03
9.710000000000000000e+02
-3.860000000000000000e+02
2.160000000000000000e+03
3.460000000000000000e+02
-9.870000000000000000e+02
3.510000000000000000e+02
-6.620000000000000000e+02
1.120000000000000000e+02
4.300000000000000000e+02
2.124000000000000000e+03
1.240000000000000000e+03
-3.425000000000000000e+03
6.600000000000000000e+01
1.813000000000000000e+03
1.161000000000000000e+03
1.530000000000000000e+03
9.920000000000000000e+02
8.290000000000000000e+02
1.256000000000000000e+03
7.090000000000000000e+02
-3.200000000000000000e+01
6.930000000000000000e+02
4.160000000000000000e+02
1.347000000000000000e+03
8.700000000000000000e+02
1.337000000000000000e+03
2.046000000000000000e+03
4.620000000000000000e+02
5.460000000000000000e+02
1.578000000000000000e+03
-8.300000000000000000e+01
7.800000000000000000e+02
1.448000000000000000e+03
8.000000000000000000e+01
1.601000000000000000e+03
-3.891000000000000000e+03
6.280000000000000000e+02
1.634000000000000000e+03
1.178000000000000000e+03
-3.230000000000000000e+02
7.810000000000000000e+02
7.020000000000000000e+02
9.800000000000000000e+02
1.344000000000000000e+03
1.456000000000000000e+03
4.800000000000000000e+02
-1.840000000000000000e+02
-7.820000000000000000e+02
1.975000000000000000e+03
1.793000000000000000e+03
3.330000000000000000e+02
4.550000000000000000e+02
4.480000000000000000e+02
1.388000000000000000e+03
1.715000000000000000e+03
-4.610000000000000000e+02
9.820000000000000000e+02
2.810000000000000000e+02
2.220000000000000000e+02
1.532000000000000000e+03
-2.104000000000000000e+03
3.070000000000000000e+02
-8.480000000000000000e+02
6.970000000000000000e+02
1.518000000000000000e+03
4.200000000000000000e+02
1.425000000000000000e+03
9.190000000000000000e+02
1.405000000000000000e+03
7.370000000000000000e+02
9.060000000000000000e+02
1.918000000000000000e+03
2.539000000000000000e+03
6.310000000000000000e+02
1.145000000000000000e+03
1.329000000000000000e+03
7.970000000000000000e+02
3.000000000000000000e+01
2.700000000000000000e+02
4.160000000000000000e+02
2.760000000000000000e+02
2.433000000000000000e+03
1.502000000000000000e+03
8.880000000000000000e+02
3.360000000000000000e+02
2.540000000000000000e+02
-5.350000000000000000e+02
4.375000000000000000e+03
4.170000000000000000e+02
-2.322000000000000000e+03
7.200000000000000000e+02
1.855000000000000000e+03
1.529000000000000000e+03
1.511000000000000000e+03
-2.100000000000000000e+02
-5.047000000000000000e+03
2.150000000000000000e+02
1.890000000000000000e+02
1.425000000000000000e+03
-1.220000000000000000e+03
3.239000000000000000e+03
-1.750000000000000000e+02
8.080000000000000000e+02
-1.677000000000000000e+03
3.660000000000000000e+02
-5.200000000000000000e+01
1.340000000000000000e+03
1.192000000000000000e+03
-1.411000000000000000e+03
1.320000000000000000e+02
6.630000000000000000e+02
1.620000000000000000e+03
1.816000000000000000e+03
-1.332000000000000000e+03
3.450000000000000000e+02
-1.398000000000000000e+03
4.740000000000000000e+02
2.294000000000000000e+03
3.540000000000000000e+02
1.161000000000000000e+03
-2.397000000000000000e+03
-1.280000000000000000e+02
1.097000000000000000e+03
5.490000000000000000e+02
5.300000000000000000e+02
1.207000000000000000e+03
1.092000000000000000e+03
9.900000000000000000e+02
9.790000000000000000e+02
2.917000000000000000e+03
-1.750000000000000000e+03
-9.800000000000000000e+02
1.018000000000000000e+03
-6.560000000000000000e+02
1.985000000000000000e+03
7.190000000000000000e+02
1.025000000000000000e+03
1.033000000000000000e+03
-1.169000000000000000e+03
1.889000000000000000e+03
-4.900000000000000000e+01
-7.800000000000000000e+01
2.940000000000000000e+02
1.626000000000000000e+03
-1.600000000000000000e+01
5.210000000000000000e+02
1.198000000000000000e+03
1.056000000000000000e+03
1.319000000000000000e+03
8.390000000000000000e+02
