2.700000000000000000e+01
-1.113000000000000000e+03
-3.810000000000000000e+02
-4.980000000000000000e+02
-7.490000000000000000e+02
1.261000000000000000e+03
-2.632000000000000000e+03
-9.180000000000000000e+02
9.600000000000000000e+01
-4.340000000000000000e+02
-3.900000000000000000e+02
-4.050000000000000000e+02
8.400000000000000000e+01
-2.045000000000000000e+03
-7.820000000000000000e+02
-1.457000000000000000e+03
-9.120000000000000000e+02
-2.224000000000000000e+03
-1.085000000000000000e+03
-4.520000000000000000e+02
7.960000000000000000e+02
-1.625000000000000000e+03
-2.880000000000000000e+02
-1.706000000000000000e+03
-6.050000000000000000e+02
-7.360000000000000000e+02
-1.378000000000000000e+03
-4.680000000000000000e+02
-1.646000000000000000e+03
3.000000000000000000e+01
-1.980000000000000000e+02
-1.441000000000000000e+03
-5.340000000000000000e+02
-1.028000000000000000e+03
-1.054000000000000000e+03
-3.400000000000000000e+01
3.240000000000000000e+02
-3.330000000000000000e+02
-7.100000000000000000e+02
-6.110000000000000000e+02
-3.250000000000000000e+02
7.000000000000000000e+00
2.130000000000000000e+02
-2.027000000000000000e+03
-2.402000000000000000e+03
-8.060000000000000000e+02
-4.990000000000000000e+02
-1.001000000000000000e+03
-2.221000000000000000e+03
7.900000000000000000e+01
-6.140000000000000000e+02
-4.760000000000000000e+02
1.402000000000000000e+03
-4.810000000000000000e+02
-4.000000000000000000e+02
-1.458000000000000000e+03
-1.122000000000000000e+03
-5.570000000000000000e+02
-3.230000000000000000e+02
-3.320000000000000000e+02
-3.700000000000000000e+01
-3.060000000000000000e+02
-4.790000000000000000e+02
-2.185000000000000000e+03
1.450000000000000000e+02
-7.200000000000000000e+02
-1.406000000000000000e+03
2.800000000000000000e+01
-3.370000000000000000e+02
3.310000000000000000e+02
-1.330000000000000000e+03
-1.903000000000000000e+03
-5.200000000000000000e+02
-7.150000000000000000e+02
-1.522000000000000000e+03
-1.503000000000000000e+03
-5.630000000000000000e+02
-9.700000000000000000e+02
-1.151000000000000000e+03
-1.028000000000000000e+03
-1.221000000000000000e+03
-1.621000000000000000e+03
-9.330000000000000000e+02
-1.609000000000000000e+03
-2.550000000000000000e+02
-5.030000000000000000e+02
-1.290000000000000000e+02
-1.175000000000000000e+03
-7.780000000000000000e+02
-1.005000000000000000e+03
-5.230000000000000000e+02
-1.103000000000000000e+03
-1.572000000000000000e+03
-1.069000000000000000e+03
-1.487000000000000000e+03
-3.010000000000000000e+02
-2.464000000000000000e+03
-8.030000000000000000e+02
-8.860000000000000000e+02
-3.520000000000000000e+02
-5.030000000000000000e+02
-1.484000000000000000e+03
-4.020000000000000000e+02
2.420000000000000000e+02
-1.375000000000000000e+03
-5.300000000000000000e+02
-1.426000000000000000e+03
-1.437000000000000000e+03
-1.830000000000000000e+02
-3.010000000000000000e+02
-1.077000000000000000e+03
-6.200000000000000000e+01
-1.652000000000000000e+03
-1.427000000000000000e+03
-4.570000000000000000e+02
3.900000000000000000e+01
-1.028000000000000000e+03
-1.629000000000000000e+03
3.230000000000000000e+02
-4.180000000000000000e+02
-9.430000000000000000e+02
-1.076000000000000000e+03
-7.090000000000000000e+02
-1.062000000000000000e+03
-5.560000000000000000e+02
3.340000000000000000e+02
-4.130000000000000000e+02
-1.606000000000000000e+03
-7.700000000000000000e+01
-1.587000000000000000e+03
-5.600000000000000000e+01
-6.060000000000000000e+02
-5.310000000000000000e+02
-1.225000000000000000e+03
-1.657000000000000000e+03
-2.900000000000000000e+02
-9.710000000000000000e+02
-1.860000000000000000e+02
-3.620000000000000000e+02
-3.110000000000000000e+02
-1.144000000000000000e+03
-7.260000000000000000e+02
-1.646000000000000000e+03
-7.060000000000000000e+02
-1.346000000000000000e+03
-3.732000000000000000e+03
-1.006000000000000000e+03
-1.780000000000000000e+02
-1.512000000000000000e+03
-1.040000000000000000e+02
-3.910000000000000000e+02
-1.394000000000000000e+03
-1.085000000000000000e+03
-9.710000000000000000e+02
-4.100000000000000000e+01
-8.190000000000000000e+02
-4.790000000000000000e+02
-9.440000000000000000e+02
-4.270000000000000000e+02
-1.230000000000000000e+03
-3.330000000000000000e+02
-1.030000000000000000e+02
-2.134000000000000000e+03
-3.830000000000000000e+02
-1.608000000000000000e+03
-1.636000000000000000e+03
-1.241000000000000000e+03
-1.821000000000000000e+03
-3.670000000000000000e+02
1.600000000000000000e+01
-4.040000000000000000e+02
-1.169000000000000000e+03
-1.581000000000000000e+03
-5.730000000000000000e+02
-8.320000000000000000e+02
-5.520000000000000000e+02
1.750000000000000000e+02
2.200000000000000000e+01
-1.010000000000000000e+03
-9.960000000000000000e+02
-1.130000000000000000e+02
-7.790000000000000000e+02
-8.350000000000000000e+02
1.037000000000000000e+03
-1.074000000000000000e+03
-1.219000000000000000e+03
-3.430000000000000000e+02
-1.096000000000000000e+03
-5.150000000000000000e+02
-2.130000000000000000e+02
-9.460000000000000000e+02
-1.410000000000000000e+02
6.000000000000000000e+01
-7.830000000000000000e+02
-1.323000000000000000e+03
1.790000000000000000e+02
-1.866000000000000000e+03
-3.480000000000000000e+02
-9.040000000000000000e+02
-6.000000000000000000e+02
-8.060000000000000000e+02
-5.340000000000000000e+02
2.540000000000000000e+02
-1.441000000000000000e+03
1.300000000000000000e+02
-6.030000000000000000e+02
-1.399000000000000000e+03
-8.240000000000000000e+02
-6.000000000000000000e+02
1.322000000000000000e+03
-1.040000000000000000e+03
-4.310000000000000000e+02
-7.040000000000000000e+02
-3.030000000000000000e+02
-1.018000000000000000e+03
-3.670000000000000000e+02
-1.073000000000000000e+03
-1.300000000000000000e+01
-9.260000000000000000e+02
-2.334000000000000000e+03
-3.170000000000000000e+02
-3.610000000000000000e+02
-6.130000000000000000e+02
-1.351000000000000000e+03
1.600000000000000000e+01
-4.570000000000000000e+02
-7.460000000000000000e+02
-1.442000000000000000e+03
-1.182000000000000000e+03
-1.978000000000000000e+03
-3.540000000000000000e+02
-7.590000000000000000e+02
-6.400000000000000000e+02
-4.400000000000000000e+02
-8.120000000000000000e+02
-7.630000000000000000e+02
1.314000000000000000e+03
-1.225000000000000000e+03
-7.580000000000000000e+02
-8.740000000000000000e+02
-9.800000000000000000e+01
-6.610000000000000000e+02
-2.940000000000000000e+02
-1.592000000000000000e+03
-6.350000000000000000e+02
-1.773000000000000000e+03
-1.690000000000000000e+03
1.970000000000000000e+02
-1.630000000000000000e+02
-2.020000000000000000e+02
-1.230000000000000000e+03
-6.880000000000000000e+02
-7.070000000000000000e+02
-3.024000000000000000e+03
-4.400000000000000000e+01
-1.123000000000000000e+03
-1.180000000000000000e+03
-1.637000000000000000e+03
-1.190000000000000000e+02
-5.380000000000000000e+02
-3.980000000000000000e+02
-1.357000000000000000e+03
-1.556000000000000000e+03
-4.440000000000000000e+02
-2.720000000000000000e+02
-9.020000000000000000e+02
2.610000000000000000e+02
2.800000000000000000e+01
-6.640000000000000000e+02
5.260000000000000000e+02
-6.670000000000000000e+02
-8.590000000000000000e+02
-9.710000000000000000e+02
-1.132000000000000000e+03
-1.151000000000000000e+03
-9.370000000000000000e+02
-5.750000000000000000e+02
-6.500000000000000000e+02
-1.144000000000000000e+03
-1.260000000000000000e+02
-1.270000000000000000e+03
-9.300000000000000000e+01
-9.780000000000000000e+02
-1.740000000000000000e+02
-5.470000000000000000e+02
-5.810000000000000000e+02
-1.096000000000000000e+03
4.090000000000000000e+02
-1.692000000000000000e+03
-2.820000000000000000e+02
-7.740000000000000000e+02
-1.061000000000000000e+03
-2.340000000000000000e+02
-1.480000000000000000e+02
-3.130000000000000000e+02
-1.652000000000000000e+03
-5.800000000000000000e+02
-3.980000000000000000e+02
-3.280000000000000000e+02
-1.097000000000000000e+03
-1.182000000000000000e+03
-1.249000000000000000e+03
-1.289000000000000000e+03
-5.890000000000000000e+02
-1.008000000000000000e+03
-1.724000000000000000e+03
-6.110000000000000000e+02
-1.273000000000000000e+03
-1.316000000000000000e+03
-9.940000000000000000e+02
-2.950000000000000000e+02
-1.429000000000000000e+03
-9.570000000000000000e+02
-3.090000000000000000e+02
-1.076000000000000000e+03
-7.400000000000000000e+02
-2.550000000000000000e+02
-5.040000000000000000e+02
1.000000000000000000e+00
-1.550000000000000000e+02
-4.980000000000000000e+02
-6.620000000000000000e+02
-3.180000000000000000e+02
-9.630000000000000000e+02
-2.738000000000000000e+03
-2.490000000000000000e+02
-1.325000000000000000e+03
-7.210000000000000000e+02
-5.540000000000000000e+02
-9.710000000000000000e+02
-6.700000000000000000e+02
-2.940000000000000000e+02
-8.470000000000000000e+02
-2.790000000000000000e+02
-2.610000000000000000e+02
-1.168000000000000000e+03
-9.780000000000000000e+02
-7.320000000000000000e+02
-3.153000000000000000e+03
-3.070000000000000000e+02
-9.700000000000000000e+01
-6.950000000000000000e+02
-1.250000000000000000e+03
2.910000000000000000e+02
-8.900000000000000000e+02
-2.630000000000000000e+02
-2.438000000000000000e+03
-2.052000000000000000e+03
2.880000000000000000e+02
-8.320000000000000000e+02
-8.680000000000000000e+02
-2.622000000000000000e+03
-2.440000000000000000e+02
-5.270000000000000000e+02
-2.700000000000000000e+02
-1.142000000000000000e+03
-9.440000000000000000e+02
-4.730000000000000000e+02
-2.437000000000000000e+03
-2.210000000000000000e+03
-1.049000000000000000e+03
-2.790000000000000000e+02
2.810000000000000000e+02
7.500000000000000000e+01
5.230000000000000000e+02
2.900000000000000000e+02
2.200000000000000000e+01
1.480000000000000000e+02
8.600000000000000000e+01
-1.284000000000000000e+03
-2.710000000000000000e+02
-5.850000000000000000e+02
5.530000000000000000e+02
-6.350000000000000000e+02
-3.550000000000000000e+02
-1.236000000000000000e+03
-1.630000000000000000e+02
-4.520000000000000000e+02
-5.600000000000000000e+01
-8.170000000000000000e+02
-8.210000000000000000e+02
-1.276000000000000000e+03
-1.099000000000000000e+03
-3.030000000000000000e+02
-3.901000000000000000e+03
-5.870000000000000000e+02
-9.610000000000000000e+02
-1.987000000000000000e+03
-4.990000000000000000e+02
-1.868000000000000000e+03
-6.950000000000000000e+02
-1.381000000000000000e+03
-8.620000000000000000e+02
-1.036000000000000000e+03
-2.580000000000000000e+02
-3.810000000000000000e+02
-1.170000000000000000e+03
-8.800000000000000000e+02
-9.190000000000000000e+02
-2.710000000000000000e+02
-2.162000000000000000e+03
-1.383000000000000000e+03
-1.703000000000000000e+03
4.530000000000000000e+02
-1.000000000000000000e+00
-1.352000000000000000e+03
-7.180000000000000000e+02
-3.700000000000000000e+02
-3.030000000000000000e+02
-6.290000000000000000e+02
5.320000000000000000e+02
-7.260000000000000000e+02
-4.530000000000000000e+02
-3.330000000000000000e+02
-4.330000000000000000e+02
-8.910000000000000000e+02
-1.292000000000000000e+03
-1.260000000000000000e+03
2.000000000000000000e+01
-7.550000000000000000e+02
-7.239000000000000000e+03
-4.370000000000000000e+02
-2.880000000000000000e+02
-1.222000000000000000e+03
-9.210000000000000000e+02
-1.202000000000000000e+03
-1.520000000000000000e+03
-6.660000000000000000e+02
-4.850000000000000000e+02
-8.530000000000000000e+02
-6.960000000000000000e+02
-9.000000000000000000e+00
-2.980000000000000000e+02
-5.610000000000000000e+02
-5.510000000000000000e+02
-8.010000000000000000e+02
-7.060000000000000000e+02
-1.260000000000000000e+02
-4.810000000000000000e+02
-6.420000000000000000e+02
-3.460000000000000000e+02
-1.140000000000000000e+03
1.100000000000000000e+02
-9.530000000000000000e+02
-2.209000000000000000e+03
-5.460000000000000000e+02
-9.370000000000000000e+02
-1.181000000000000000e+03
-1.860000000000000000e+02
-4.680000000000000000e+02
-6.270000000000000000e+02
2.270000000000000000e+02
-1.870000000000000000e+02
-8.450000000000000000e+02
-5.550000000000000000e+02
-1.299000000000000000e+03
-2.196000000000000000e+03
-8.510000000000000000e+02
-5.200000000000000000e+02
-2.434000000000000000e+03
-6.910000000000000000e+02
7.500000000000000000e+01
-6.210000000000000000e+02
-2.028000000000000000e+03
-1.204000000000000000e+03
-6.660000000000000000e+02
-9.230000000000000000e+02
-5.780000000000000000e+02
-1.294000000000000000e+03
-1.625000000000000000e+03
-5.920000000000000000e+02
-8.580000000000000000e+02
-9.850000000000000000e+02
-1.222000000000000000e+03
-8.800000000000000000e+01
-8.630000000000000000e+02
-2.047000000000000000e+03
1.880000000000000000e+02
-4.790000000000000000e+02
-3.240000000000000000e+02
-1.713000000000000000e+03
-9.020000000000000000e+02
-3.050000000000000000e+02
-8.840000000000000000e+02
-2.750000000000000000e+02
-1.355000000000000000e+03
-1.471000000000000000e+03
-4.810000000000000000e+02
1.600000000000000000e+01
-5.720000000000000000e+02
-1.821000000000000000e+03
1.060000000000000000e+02
-6.050000000000000000e+02
-1.320000000000000000e+03
-4.030000000000000000e+02
-2.090000000000000000e+02
-4.610000000000000000e+02
-9.700000000000000000e+02
-4.790000000000000000e+02
-8.520000000000000000e+02
-4.570000000000000000e+02
-1.260000000000000000e+02
-5.350000000000000000e+02
-3.920000000000000000e+02
-1.530000000000000000e+02
-1.461000000000000000e+03
3.990000000000000000e+02
-6.180000000000000000e+02
-6.250000000000000000e+02
-6.450000000000000000e+02
-1.084000000000000000e+03
-8.730000000000000000e+02
