-1.423000000000000000e+03
5.513000000000000000e+03
1.177000000000000000e+03
8.880000000000000000e+02
1.681000000000000000e+03
2.516000000000000000e+03
1.719000000000000000e+03
4.367000000000000000e+03
-6.780000000000000000e+02
4.049000000000000000e+03
6.290000000000000000e+02
9.170000000000000000e+02
3.988000000000000000e+03
6.210000000000000000e+02
-3.920000000000000000e+03
2.065000000000000000e+03
5.084000000000000000e+03
4.169000000000000000e+03
-6.700000000000000000e+01
-4.119000000000000000e+03
4.290000000000000000e+02
7.750000000000000000e+02
8.800000000000000000e+02
-1.267000000000000000e+03
2.711000000000000000e+03
3.283000000000000000e+03
1.269000000000000000e+03
4.405000000000000000e+03
2.859000000000000000e+03
2.821000000000000000e+03
-2.950000000000000000e+02
2.530000000000000000e+03
1.543000000000000000e+03
1.817000000000000000e+03
6.190000000000000000e+02
-6.958000000000000000e+03
5.910000000000000000e+02
-6.330000000000000000e+02
5.043000000000000000e+03
2.473000000000000000e+03
1.548000000000000000e+03
1.838000000000000000e+03
-1.215000000000000000e+03
1.626000000000000000e+03
-4.157000000000000000e+03
-1.608000000000000000e+03
4.756000000000000000e+03
5.065000000000000000e+03
3.500000000000000000e+02
4.248000000000000000e+03
1.297000000000000000e+03
3.600000000000000000e+03
3.576000000000000000e+03
2.135000000000000000e+03
-9.710000000000000000e+02
5.591000000000000000e+03
4.849000000000000000e+03
-1.047000000000000000e+03
7.700000000000000000e+01
3.778000000000000000e+03
-3.584000000000000000e+03
2.762000000000000000e+03
2.970000000000000000e+02
-3.250000000000000000e+02
