0.8409253023981981
3.002951480930826
2.405155138689251
7.814966634911947
9.889300469189662
3.626765108692433
12.377503552990772
6.194694740651552
10.205022308733103
9.854637147654337
6.932326188437329
7.003020751335965
10.997546262515613
8.474334027677841
6.143968703456123
7.0008557835930665
11.087040846454117
14.386497472061635
6.385795911536153
6.193775024833146
6.311210564167791
14.564263350964417
11.388583152404426
8.733417533601799
6.661268205567478
7.137691411518673
2.6947729797731363
3.349332262709891
6.138123600672512
5.554394829769338
7.868823667017156
7.958597339094125
5.450006222178067
9.287312500735654
11.129149602010175
6.12423177437966
8.20560324401685
6.500966532135655
8.77704549237169
4.646883107968508
7.177937575509775
6.198074110925258
7.719355428422645
3.7201631798626797
6.7317431167973565
5.724082198821246
6.7688662670050075
3.2993995929939453
4.638822123260006
4.468709425327102
7.25449848837515
4.398583882985867
5.127236116854448
4.814656152552129
9.487114173760856
3.216113981428576
4.401349638358263
4.379770456431925
15.729344152529567
18.39246550173323
2.847245985068519
4.277481899647614
1.9949292110351222
15.346826080235079
17.269850745777365
4.997840939648686
2.454026098439351
12.53635977211605
12.72467252007524
1.5764680800657516
1.5868507752035863
5.498342137552638
127.0
