-1.180000000000000000e+02
1.181000000000000000e+03
4.460000000000000000e+02
-2.140000000000000000e+02
1.637000000000000000e+03
-2.430000000000000000e+02
-1.850000000000000000e+02
3.030000000000000000e+02
1.060000000000000000e+03
2.122000000000000000e+03
8.740000000000000000e+02
7.120000000000000000e+02
1.109000000000000000e+03
1.908000000000000000e+03
6.270000000000000000e+02
1.497000000000000000e+03
1.162000000000000000e+03
7.470000000000000000e+02
1.235000000000000000e+03
6.500000000000000000e+02
1.551000000000000000e+03
1.582000000000000000e+03
1.323000000000000000e+03
-2.070000000000000000e+02
1.277000000000000000e+03
-6.860000000000000000e+02
1.833000000000000000e+03
-2.060000000000000000e+02
1.216000000000000000e+03
4.040000000000000000e+02
3.700000000000000000e+02
7.750000000000000000e+02
1.225000000000000000e+03
-1.173000000000000000e+03
1.575000000000000000e+03
1.554000000000000000e+03
-1.980000000000000000e+02
1.423000000000000000e+03
1.342000000000000000e+03
-5.850000000000000000e+02
-7.660000000000000000e+02
1.303000000000000000e+03
3.337000000000000000e+03
1.820000000000000000e+02
2.320000000000000000e+02
-6.800000000000000000e+01
5.440000000000000000e+02
3.137000000000000000e+03
1.221000000000000000e+03
5.670000000000000000e+02
1.012000000000000000e+03
1.221000000000000000e+03
1.296000000000000000e+03
1.389000000000000000e+03
1.430000000000000000e+03
2.360000000000000000e+02
4.320000000000000000e+02
8.400000000000000000e+01
-1.600000000000000000e+01
2.590000000000000000e+02
-2.199000000000000000e+03
-1.600000000000000000e+01
1.109000000000000000e+03
4.450000000000000000e+02
1.642000000000000000e+03
5.187000000000000000e+03
9.190000000000000000e+02
1.474000000000000000e+03
2.070000000000000000e+02
-5.260000000000000000e+02
7.700000000000000000e+02
8.880000000000000000e+02
7.250000000000000000e+02
7.430000000000000000e+02
1.259000000000000000e+03
1.142000000000000000e+03
3.820000000000000000e+02
6.490000000000000000e+02
8.660000000000000000e+02
-8.360000000000000000e+02
2.750000000000000000e+02
1.062000000000000000e+03
1.434000000000000000e+03
9.400000000000000000e+01
1.291000000000000000e+03
1.414000000000000000e+03
-1.760000000000000000e+02
-1.930000000000000000e+02
1.664000000000000000e+03
9.610000000000000000e+02
9.680000000000000000e+02
-4.780000000000000000e+02
-2.590000000000000000e+02
8.820000000000000000e+02
1.572000000000000000e+03
-3.580000000000000000e+02
-3.110000000000000000e+02
4.980000000000000000e+02
1.036000000000000000e+03
1.648000000000000000e+03
1.880000000000000000e+02
1.550000000000000000e+03
1.488000000000000000e+03
6.520000000000000000e+02
4.110000000000000000e+02
1.070000000000000000e+03
1.434000000000000000e+03
2.420000000000000000e+02
1.750000000000000000e+02
1.021000000000000000e+03
1.924000000000000000e+03
6.610000000000000000e+02
4.440000000000000000e+02
7.420000000000000000e+02
1.100000000000000000e+03
1.395000000000000000e+03
6.090000000000000000e+02
-2.300000000000000000e+02
-1.750000000000000000e+02
1.695000000000000000e+03
2.430000000000000000e+03
1.064000000000000000e+03
1.585000000000000000e+03
4.250000000000000000e+02
1.135000000000000000e+03
1.428000000000000000e+03
-6.500000000000000000e+01
1.486000000000000000e+03
-9.530000000000000000e+02
9.820000000000000000e+02
-3.420000000000000000e+02
8.500000000000000000e+02
9.500000000000000000e+01
1.240000000000000000e+03
1.295000000000000000e+03
-1.050000000000000000e+02
1.388000000000000000e+03
2.480000000000000000e+02
1.830000000000000000e+03
1.544000000000000000e+03
6.080000000000000000e+02
6.430000000000000000e+02
1.167000000000000000e+03
-1.920000000000000000e+02
1.229000000000000000e+03
1.740000000000000000e+03
1.333000000000000000e+03
5.540000000000000000e+02
1.348000000000000000e+03
8.540000000000000000e+02
7.400000000000000000e+01
9.500000000000000000e+02
1.418000000000000000e+03
7.380000000000000000e+02
6.700000000000000000e+02
1.876000000000000000e+03
1.402000000000000000e+03
2.089000000000000000e+03
-5.460000000000000000e+02
4.590000000000000000e+02
2.940000000000000000e+02
1.188000000000000000e+03
7.990000000000000000e+02
1.020000000000000000e+02
6.650000000000000000e+02
-6.350000000000000000e+02
1.040000000000000000e+03
1.087000000000000000e+03
1.300000000000000000e+01
7.810000000000000000e+02
7.400000000000000000e+02
1.761000000000000000e+03
7.430000000000000000e+02
1.347000000000000000e+03
1.935000000000000000e+03
9.700000000000000000e+02
6.290000000000000000e+02
3.750000000000000000e+02
-1.630000000000000000e+02
1.108000000000000000e+03
-2.630000000000000000e+02
1.756000000000000000e+03
2.400000000000000000e+01
2.913000000000000000e+03
1.287000000000000000e+03
-3.810000000000000000e+02
1.543000000000000000e+03
9.520000000000000000e+02
7.830000000000000000e+02
9.900000000000000000e+02
1.382000000000000000e+03
1.506000000000000000e+03
9.090000000000000000e+02
1.072000000000000000e+03
4.500000000000000000e+02
1.004000000000000000e+03
1.054000000000000000e+03
3.110000000000000000e+02
7.300000000000000000e+02
1.353000000000000000e+03
1.593000000000000000e+03
1.316000000000000000e+03
1.101000000000000000e+03
9.390000000000000000e+02
8.460000000000000000e+02
8.050000000000000000e+02
1.194000000000000000e+03
1.093000000000000000e+03
1.525000000000000000e+03
1.672000000000000000e+03
1.170000000000000000e+02
1.771000000000000000e+03
8.050000000000000000e+02
-2.370000000000000000e+02
1.497000000000000000e+03
8.620000000000000000e+02
-1.056000000000000000e+03
1.373000000000000000e+03
-2.920000000000000000e+02
2.560000000000000000e+02
1.782000000000000000e+03
-1.414000000000000000e+03
9.840000000000000000e+02
7.660000000000000000e+02
1.642000000000000000e+03
1.109000000000000000e+03
4.890000000000000000e+02
7.710000000000000000e+02
9.770000000000000000e+02
1.146000000000000000e+03
5.230000000000000000e+02
4.910000000000000000e+02
7.870000000000000000e+02
1.700000000000000000e+02
7.760000000000000000e+02
2.720000000000000000e+02
1.216000000000000000e+03
1.078000000000000000e+03
1.199000000000000000e+03
8.620000000000000000e+02
1.311000000000000000e+03
8.800000000000000000e+01
5.240000000000000000e+02
1.149000000000000000e+03
1.050000000000000000e+03
1.471000000000000000e+03
1.233000000000000000e+03
1.245000000000000000e+03
1.548000000000000000e+03
7.650000000000000000e+02
1.579000000000000000e+03
1.122000000000000000e+03
8.580000000000000000e+02
-2.177000000000000000e+03
1.694000000000000000e+03
1.488000000000000000e+03
1.222000000000000000e+03
-2.050000000000000000e+02
9.800000000000000000e+01
1.248000000000000000e+03
1.252000000000000000e+03
1.543000000000000000e+03
8.170000000000000000e+02
7.900000000000000000e+01
4.650000000000000000e+02
1.713000000000000000e+03
1.602000000000000000e+03
3.630000000000000000e+02
1.231000000000000000e+03
1.880000000000000000e+02
4.490000000000000000e+02
1.137000000000000000e+03
1.722000000000000000e+03
1.139000000000000000e+03
3.900000000000000000e+02
1.086000000000000000e+03
1.002000000000000000e+03
-1.850000000000000000e+02
2.880000000000000000e+02
1.210000000000000000e+03
1.549000000000000000e+03
5.960000000000000000e+02
1.149000000000000000e+03
1.673000000000000000e+03
1.900000000000000000e+02
6.380000000000000000e+02
3.860000000000000000e+02
9.130000000000000000e+02
-9.740000000000000000e+02
1.251000000000000000e+03
5.820000000000000000e+02
1.961000000000000000e+03
9.280000000000000000e+02
5.350000000000000000e+02
2.590000000000000000e+02
7.740000000000000000e+02
8.190000000000000000e+02
5.180000000000000000e+02
-2.380000000000000000e+02
1.369000000000000000e+03
-2.800000000000000000e+01
4.820000000000000000e+02
7.110000000000000000e+02
9.260000000000000000e+02
1.066000000000000000e+03
-2.739000000000000000e+03
7.820000000000000000e+02
5.410000000000000000e+02
1.016000000000000000e+03
1.099000000000000000e+03
4.630000000000000000e+02
6.180000000000000000e+02
4.450000000000000000e+02
-1.949000000000000000e+03
-1.594000000000000000e+03
1.585000000000000000e+03
-8.970000000000000000e+02
-4.650000000000000000e+02
2.000000000000000000e+00
5.210000000000000000e+02
4.420000000000000000e+02
1.037000000000000000e+03
1.220000000000000000e+03
2.104000000000000000e+03
1.094000000000000000e+03
7.140000000000000000e+02
7.390000000000000000e+02
-1.000000000000000000e+02
1.579000000000000000e+03
3.280000000000000000e+02
-5.500000000000000000e+02
1.160000000000000000e+03
1.091000000000000000e+03
2.167000000000000000e+03
1.311000000000000000e+03
-7.232000000000000000e+03
-5.310000000000000000e+02
-4.110000000000000000e+02
1.470000000000000000e+02
2.200000000000000000e+02
1.592000000000000000e+03
1.658000000000000000e+03
2.135000000000000000e+03
2.029000000000000000e+03
3.100000000000000000e+02
2.153000000000000000e+03
1.623000000000000000e+03
-3.430000000000000000e+02
1.398000000000000000e+03
-5.220000000000000000e+02
8.650000000000000000e+02
-3.030000000000000000e+02
7.980000000000000000e+02
3.360000000000000000e+02
1.020000000000000000e+03
1.282000000000000000e+03
1.092000000000000000e+03
8.680000000000000000e+02
6.260000000000000000e+02
8.290000000000000000e+02
9.690000000000000000e+02
3.590000000000000000e+02
6.870000000000000000e+02
1.271000000000000000e+03
1.156000000000000000e+03
9.310000000000000000e+02
1.085000000000000000e+03
8.840000000000000000e+02
-2.486000000000000000e+03
6.760000000000000000e+02
8.450000000000000000e+02
-1.479000000000000000e+03
1.098000000000000000e+03
-6.320000000000000000e+02
9.810000000000000000e+02
1.181000000000000000e+03
4.810000000000000000e+02
3.800000000000000000e+01
4.220000000000000000e+02
-7.550000000000000000e+02
1.360000000000000000e+02
1.655000000000000000e+03
7.600000000000000000e+02
-1.141000000000000000e+03
8.910000000000000000e+02
7.300000000000000000e+01
1.473000000000000000e+03
2.280000000000000000e+02
-1.464000000000000000e+03
8.910000000000000000e+02
1.752000000000000000e+03
6.310000000000000000e+02
9.960000000000000000e+02
1.368000000000000000e+03
5.860000000000000000e+02
-9.420000000000000000e+02
1.148000000000000000e+03
6.800000000000000000e+02
-1.660000000000000000e+02
-7.050000000000000000e+02
4.710000000000000000e+02
-2.160000000000000000e+02
1.559000000000000000e+03
2.800000000000000000e+01
9.410000000000000000e+02
9.090000000000000000e+02
6.420000000000000000e+02
5.370000000000000000e+02
7.970000000000000000e+02
1.297000000000000000e+03
1.071000000000000000e+03
-3.040000000000000000e+02
8.620000000000000000e+02
7.780000000000000000e+02
-3.360000000000000000e+02
1.159000000000000000e+03
1.543000000000000000e+03
-5.180000000000000000e+02
1.185000000000000000e+03
1.877000000000000000e+03
1.545000000000000000e+03
-5.460000000000000000e+02
-2.700000000000000000e+02
1.111000000000000000e+03
1.085000000000000000e+03
1.121000000000000000e+03
4.870000000000000000e+02
-1.430000000000000000e+02
-8.910000000000000000e+02
6.190000000000000000e+02
1.753000000000000000e+03
1.226000000000000000e+03
-6.890000000000000000e+02
6.830000000000000000e+02
2.330000000000000000e+02
2.060000000000000000e+02
7.400000000000000000e+01
4.570000000000000000e+02
6.340000000000000000e+02
1.513000000000000000e+03
5.240000000000000000e+02
3.460000000000000000e+02
9.500000000000000000e+02
8.590000000000000000e+02
-5.230000000000000000e+02
-1.410000000000000000e+02
1.032000000000000000e+03
7.770000000000000000e+02
1.607000000000000000e+03
1.110000000000000000e+02
3.080000000000000000e+02
1.151000000000000000e+03
-7.200000000000000000e+01
2.240000000000000000e+02
1.217000000000000000e+03
1.546000000000000000e+03
-2.110000000000000000e+02
-9.330000000000000000e+02
-9.714000000000000000e+03
1.104000000000000000e+03
1.475000000000000000e+03
9.440000000000000000e+02
2.190000000000000000e+02
1.073000000000000000e+03
4.040000000000000000e+02
2.550000000000000000e+02
-8.500000000000000000e+01
3.350000000000000000e+02
1.130000000000000000e+03
7.190000000000000000e+02
1.020000000000000000e+02
-7.800000000000000000e+01
4.100000000000000000e+02
9.400000000000000000e+02
2.280000000000000000e+02
6.140000000000000000e+02
1.029000000000000000e+03
-2.370000000000000000e+02
4.150000000000000000e+02
4.000000000000000000e+01
6.020000000000000000e+02
3.360000000000000000e+02
9.140000000000000000e+02
1.296000000000000000e+03
5.710000000000000000e+02
1.070000000000000000e+02
8.100000000000000000e+02
9.570000000000000000e+02
5.430000000000000000e+02
-2.400000000000000000e+01
7.060000000000000000e+02
5.320000000000000000e+02
-6.410000000000000000e+02
1.258000000000000000e+03
1.181000000000000000e+03
2.080000000000000000e+02
4.360000000000000000e+02
9.290000000000000000e+02
7.940000000000000000e+02
1.496000000000000000e+03
6.450000000000000000e+02
8.700000000000000000e+02
4.720000000000000000e+02
8.360000000000000000e+02
8.380000000000000000e+02
1.189000000000000000e+03
5.340000000000000000e+02
8.700000000000000000e+02
-7.720000000000000000e+02
3.350000000000000000e+02
-2.650000000000000000e+02
1.377000000000000000e+03
