-1.220000000000000000e+03
4.728000000000000000e+03
1.009000000000000000e+03
7.620000000000000000e+02
1.442000000000000000e+03
2.158000000000000000e+03
1.474000000000000000e+03
3.746000000000000000e+03
-5.820000000000000000e+02
3.473000000000000000e+03
5.400000000000000000e+02
7.870000000000000000e+02
3.421000000000000000e+03
5.330000000000000000e+02
-3.362000000000000000e+03
1.771000000000000000e+03
4.360000000000000000e+03
3.576000000000000000e+03
-5.800000000000000000e+01
-3.533000000000000000e+03
3.680000000000000000e+02
6.640000000000000000e+02
7.550000000000000000e+02
-1.087000000000000000e+03
2.325000000000000000e+03
2.816000000000000000e+03
1.089000000000000000e+03
3.779000000000000000e+03
2.452000000000000000e+03
2.420000000000000000e+03
-2.530000000000000000e+02
2.170000000000000000e+03
1.323000000000000000e+03
1.559000000000000000e+03
5.310000000000000000e+02
-5.968000000000000000e+03
5.070000000000000000e+02
-5.430000000000000000e+02
4.325000000000000000e+03
2.121000000000000000e+03
1.328000000000000000e+03
1.576000000000000000e+03
-1.042000000000000000e+03
1.395000000000000000e+03
-3.566000000000000000e+03
-1.380000000000000000e+03
4.079000000000000000e+03
4.344000000000000000e+03
3.000000000000000000e+02
3.643000000000000000e+03
1.112000000000000000e+03
3.088000000000000000e+03
3.067000000000000000e+03
1.831000000000000000e+03
-8.330000000000000000e+02
4.795000000000000000e+03
4.159000000000000000e+03
-8.980000000000000000e+02
6.600000000000000000e+01
3.240000000000000000e+03
-3.074000000000000000e+03
2.369000000000000000e+03
2.550000000000000000e+02
-2.790000000000000000e+02
