1.258000000000000000e+03
1.122000000000000000e+03
7.830000000000000000e+02
8.490000000000000000e+02
-3.820000000000000000e+02
4.150000000000000000e+02
3.690000000000000000e+02
1.599000000000000000e+03
6.770000000000000000e+02
-1.870000000000000000e+02
6.820000000000000000e+02
-9.880000000000000000e+02
1.522000000000000000e+03
5.500000000000000000e+02
4.730000000000000000e+02
9.890000000000000000e+02
7.630000000000000000e+02
8.040000000000000000e+02
1.469000000000000000e+03
-4.290000000000000000e+02
1.610000000000000000e+03
2.430000000000000000e+03
1.358000000000000000e+03
1.202000000000000000e+03
7.230000000000000000e+02
7.610000000000000000e+02
-1.280000000000000000e+02
8.180000000000000000e+02
1.102000000000000000e+03
3.960000000000000000e+02
8.000000000000000000e+02
3.100000000000000000e+02
1.235000000000000000e+03
7.700000000000000000e+01
3.600000000000000000e+01
1.075000000000000000e+03
1.309000000000000000e+03
1.393000000000000000e+03
5.100000000000000000e+01
-3.200000000000000000e+01
7.710000000000000000e+02
7.470000000000000000e+02
5.860000000000000000e+02
1.020000000000000000e+03
1.191000000000000000e+03
8.480000000000000000e+02
1.190000000000000000e+03
1.649000000000000000e+03
1.285000000000000000e+03
2.170000000000000000e+02
1.029000000000000000e+03
4.340000000000000000e+02
7.880000000000000000e+02
7.700000000000000000e+02
3.840000000000000000e+02
6.270000000000000000e+02
1.731000000000000000e+03
1.970000000000000000e+02
1.389000000000000000e+03
-6.650000000000000000e+02
9.260000000000000000e+02
5.350000000000000000e+02
7.640000000000000000e+02
5.440000000000000000e+02
5.820000000000000000e+02
5.240000000000000000e+02
1.700000000000000000e+01
-9.600000000000000000e+01
-2.850000000000000000e+02
4.200000000000000000e+01
-5.970000000000000000e+02
-2.920000000000000000e+03
5.080000000000000000e+02
-1.026000000000000000e+03
3.560000000000000000e+02
7.700000000000000000e+01
-1.129000000000000000e+03
1.369000000000000000e+03
5.520000000000000000e+02
-5.595000000000000000e+03
1.242000000000000000e+03
9.150000000000000000e+02
1.691000000000000000e+03
7.670000000000000000e+02
4.300000000000000000e+02
1.184000000000000000e+03
4.980000000000000000e+02
1.093000000000000000e+03
9.750000000000000000e+02
-8.650000000000000000e+02
1.117000000000000000e+03
4.110000000000000000e+02
3.690000000000000000e+02
1.157000000000000000e+03
1.116000000000000000e+03
8.360000000000000000e+02
8.110000000000000000e+02
1.090000000000000000e+03
8.770000000000000000e+02
1.424000000000000000e+03
1.232000000000000000e+03
6.650000000000000000e+02
6.150000000000000000e+02
9.730000000000000000e+02
9.840000000000000000e+02
1.424000000000000000e+03
8.140000000000000000e+02
-3.240000000000000000e+02
1.811000000000000000e+03
2.900000000000000000e+02
-8.280000000000000000e+02
2.940000000000000000e+02
-5.550000000000000000e+02
9.400000000000000000e+01
3.600000000000000000e+02
1.781000000000000000e+03
1.039000000000000000e+03
-2.871000000000000000e+03
5.500000000000000000e+01
1.520000000000000000e+03
9.730000000000000000e+02
1.283000000000000000e+03
8.320000000000000000e+02
6.950000000000000000e+02
1.052000000000000000e+03
5.940000000000000000e+02
-2.700000000000000000e+01
5.810000000000000000e+02
3.490000000000000000e+02
1.129000000000000000e+03
7.290000000000000000e+02
1.121000000000000000e+03
1.715000000000000000e+03
3.870000000000000000e+02
4.570000000000000000e+02
1.323000000000000000e+03
-7.000000000000000000e+01
6.540000000000000000e+02
1.214000000000000000e+03
6.700000000000000000e+01
1.342000000000000000e+03
-3.261000000000000000e+03
5.260000000000000000e+02
1.370000000000000000e+03
9.870000000000000000e+02
-2.700000000000000000e+02
6.550000000000000000e+02
5.890000000000000000e+02
8.220000000000000000e+02
1.127000000000000000e+03
1.220000000000000000e+03
4.030000000000000000e+02
-1.550000000000000000e+02
-6.550000000000000000e+02
1.655000000000000000e+03
1.503000000000000000e+03
2.800000000000000000e+02
3.820000000000000000e+02
3.750000000000000000e+02
1.164000000000000000e+03
1.438000000000000000e+03
-3.860000000000000000e+02
8.230000000000000000e+02
2.360000000000000000e+02
1.860000000000000000e+02
1.285000000000000000e+03
-1.763000000000000000e+03
2.570000000000000000e+02
-7.110000000000000000e+02
5.840000000000000000e+02
1.273000000000000000e+03
3.520000000000000000e+02
1.195000000000000000e+03
7.710000000000000000e+02
1.178000000000000000e+03
6.180000000000000000e+02
7.590000000000000000e+02
1.608000000000000000e+03
2.129000000000000000e+03
5.290000000000000000e+02
9.600000000000000000e+02
1.114000000000000000e+03
6.680000000000000000e+02
2.500000000000000000e+01
2.260000000000000000e+02
3.490000000000000000e+02
2.310000000000000000e+02
2.039000000000000000e+03
1.259000000000000000e+03
7.450000000000000000e+02
2.810000000000000000e+02
2.130000000000000000e+02
-4.490000000000000000e+02
3.668000000000000000e+03
3.500000000000000000e+02
-1.947000000000000000e+03
6.040000000000000000e+02
1.555000000000000000e+03
1.282000000000000000e+03
1.267000000000000000e+03
-1.760000000000000000e+02
-4.231000000000000000e+03
1.810000000000000000e+02
1.580000000000000000e+02
1.194000000000000000e+03
-1.023000000000000000e+03
2.715000000000000000e+03
-1.470000000000000000e+02
6.770000000000000000e+02
-1.405000000000000000e+03
3.060000000000000000e+02
-4.300000000000000000e+01
1.123000000000000000e+03
9.990000000000000000e+02
-1.183000000000000000e+03
1.110000000000000000e+02
5.560000000000000000e+02
1.358000000000000000e+03
1.522000000000000000e+03
-1.117000000000000000e+03
2.890000000000000000e+02
-1.172000000000000000e+03
3.970000000000000000e+02
1.923000000000000000e+03
2.960000000000000000e+02
9.730000000000000000e+02
-2.009000000000000000e+03
-1.070000000000000000e+02
9.190000000000000000e+02
4.600000000000000000e+02
4.440000000000000000e+02
1.012000000000000000e+03
9.150000000000000000e+02
8.300000000000000000e+02
8.210000000000000000e+02
2.446000000000000000e+03
-1.467000000000000000e+03
-8.210000000000000000e+02
8.530000000000000000e+02
-5.500000000000000000e+02
1.664000000000000000e+03
6.030000000000000000e+02
8.590000000000000000e+02
8.660000000000000000e+02
-9.800000000000000000e+02
1.583000000000000000e+03
-4.100000000000000000e+01
-6.500000000000000000e+01
2.470000000000000000e+02
1.363000000000000000e+03
-1.300000000000000000e+01
4.370000000000000000e+02
1.004000000000000000e+03
8.850000000000000000e+02
1.106000000000000000e+03
7.030000000000000000e+02
