2.600000000000000000e+01
-1.043000000000000000e+03
-3.570000000000000000e+02
-4.660000000000000000e+02
-7.020000000000000000e+02
1.182000000000000000e+03
-2.466000000000000000e+03
-8.600000000000000000e+02
9.000000000000000000e+01
-4.070000000000000000e+02
-3.650000000000000000e+02
-3.790000000000000000e+02
7.900000000000000000e+01
-1.916000000000000000e+03
-7.330000000000000000e+02
-1.365000000000000000e+03
-8.540000000000000000e+02
-2.084000000000000000e+03
-1.017000000000000000e+03
-4.240000000000000000e+02
7.460000000000000000e+02
-1.523000000000000000e+03
-2.700000000000000000e+02
-1.598000000000000000e+03
-5.670000000000000000e+02
-6.900000000000000000e+02
-1.291000000000000000e+03
-4.380000000000000000e+02
-1.542000000000000000e+03
2.800000000000000000e+01
-1.860000000000000000e+02
-1.351000000000000000e+03
-5.000000000000000000e+02
-9.630000000000000000e+02
-9.880000000000000000e+02
-3.200000000000000000e+01
3.040000000000000000e+02
-3.120000000000000000e+02
-6.660000000000000000e+02
-5.720000000000000000e+02
-3.040000000000000000e+02
7.000000000000000000e+00
2.000000000000000000e+02
-1.899000000000000000e+03
-2.250000000000000000e+03
-7.560000000000000000e+02
-4.670000000000000000e+02
-9.380000000000000000e+02
-2.081000000000000000e+03
7.400000000000000000e+01
-5.750000000000000000e+02
-4.460000000000000000e+02
1.313000000000000000e+03
-4.510000000000000000e+02
-3.750000000000000000e+02
-1.366000000000000000e+03
-1.051000000000000000e+03
-5.220000000000000000e+02
-3.030000000000000000e+02
-3.110000000000000000e+02
-3.500000000000000000e+01
-2.870000000000000000e+02
-4.490000000000000000e+02
-2.047000000000000000e+03
1.350000000000000000e+02
-6.750000000000000000e+02
-1.317000000000000000e+03
2.700000000000000000e+01
-3.160000000000000000e+02
3.100000000000000000e+02
-1.246000000000000000e+03
-1.783000000000000000e+03
-4.870000000000000000e+02
-6.700000000000000000e+02
-1.425000000000000000e+03
-1.408000000000000000e+03
-5.280000000000000000e+02
-9.090000000000000000e+02
-1.079000000000000000e+03
-9.630000000000000000e+02
-1.144000000000000000e+03
-1.519000000000000000e+03
-8.750000000000000000e+02
-1.508000000000000000e+03
-2.390000000000000000e+02
-4.710000000000000000e+02
-1.210000000000000000e+02
-1.101000000000000000e+03
-7.290000000000000000e+02
-9.420000000000000000e+02
-4.900000000000000000e+02
-1.033000000000000000e+03
-1.473000000000000000e+03
-1.001000000000000000e+03
-1.393000000000000000e+03
-2.820000000000000000e+02
-2.308000000000000000e+03
-7.520000000000000000e+02
-8.300000000000000000e+02
-3.300000000000000000e+02
-4.720000000000000000e+02
-1.390000000000000000e+03
-3.760000000000000000e+02
2.270000000000000000e+02
-1.288000000000000000e+03
-4.970000000000000000e+02
-1.336000000000000000e+03
-1.346000000000000000e+03
-1.710000000000000000e+02
-2.820000000000000000e+02
-1.009000000000000000e+03
-5.800000000000000000e+01
-1.547000000000000000e+03
-1.337000000000000000e+03
-4.280000000000000000e+02
3.700000000000000000e+01
-9.630000000000000000e+02
-1.526000000000000000e+03
3.030000000000000000e+02
-3.920000000000000000e+02
-8.830000000000000000e+02
-1.008000000000000000e+03
-6.650000000000000000e+02
-9.950000000000000000e+02
-5.210000000000000000e+02
3.130000000000000000e+02
-3.870000000000000000e+02
-1.505000000000000000e+03
-7.200000000000000000e+01
-1.487000000000000000e+03
-5.200000000000000000e+01
-5.680000000000000000e+02
-4.970000000000000000e+02
-1.148000000000000000e+03
-1.552000000000000000e+03
-2.710000000000000000e+02
-9.100000000000000000e+02
-1.740000000000000000e+02
-3.390000000000000000e+02
-2.910000000000000000e+02
-1.072000000000000000e+03
-6.800000000000000000e+02
-1.542000000000000000e+03
-6.620000000000000000e+02
-1.261000000000000000e+03
-3.497000000000000000e+03
-9.430000000000000000e+02
-1.660000000000000000e+02
-1.417000000000000000e+03
-9.700000000000000000e+01
-3.660000000000000000e+02
-1.306000000000000000e+03
-1.016000000000000000e+03
-9.100000000000000000e+02
-3.900000000000000000e+01
-7.680000000000000000e+02
-4.490000000000000000e+02
-8.840000000000000000e+02
-4.000000000000000000e+02
-1.152000000000000000e+03
-3.120000000000000000e+02
-9.600000000000000000e+01
-2.000000000000000000e+03
-3.590000000000000000e+02
-1.507000000000000000e+03
-1.533000000000000000e+03
-1.162000000000000000e+03
-1.706000000000000000e+03
-3.430000000000000000e+02
1.500000000000000000e+01
-3.790000000000000000e+02
-1.095000000000000000e+03
-1.482000000000000000e+03
-5.370000000000000000e+02
-7.800000000000000000e+02
-5.170000000000000000e+02
1.640000000000000000e+02
2.100000000000000000e+01
-9.460000000000000000e+02
-9.330000000000000000e+02
-1.060000000000000000e+02
-7.300000000000000000e+02
-7.820000000000000000e+02
9.710000000000000000e+02
-1.006000000000000000e+03
-1.142000000000000000e+03
-3.210000000000000000e+02
-1.027000000000000000e+03
-4.830000000000000000e+02
-2.000000000000000000e+02
-8.860000000000000000e+02
-1.320000000000000000e+02
5.600000000000000000e+01
-7.330000000000000000e+02
-1.240000000000000000e+03
1.680000000000000000e+02
-1.748000000000000000e+03
-3.260000000000000000e+02
-8.470000000000000000e+02
-5.620000000000000000e+02
-7.560000000000000000e+02
-5.010000000000000000e+02
2.380000000000000000e+02
-1.350000000000000000e+03
1.210000000000000000e+02
-5.650000000000000000e+02
-1.311000000000000000e+03
-7.720000000000000000e+02
-5.620000000000000000e+02
1.238000000000000000e+03
-9.750000000000000000e+02
-4.040000000000000000e+02
-6.590000000000000000e+02
-2.840000000000000000e+02
-9.540000000000000000e+02
-3.440000000000000000e+02
-1.005000000000000000e+03
-1.200000000000000000e+01
-8.680000000000000000e+02
-2.187000000000000000e+03
-2.970000000000000000e+02
-3.390000000000000000e+02
-5.740000000000000000e+02
-1.265000000000000000e+03
1.500000000000000000e+01
-4.280000000000000000e+02
-6.990000000000000000e+02
-1.351000000000000000e+03
-1.108000000000000000e+03
-1.853000000000000000e+03
-3.320000000000000000e+02
-7.110000000000000000e+02
-6.000000000000000000e+02
-4.130000000000000000e+02
-7.610000000000000000e+02
-7.150000000000000000e+02
1.231000000000000000e+03
-1.148000000000000000e+03
-7.100000000000000000e+02
-8.190000000000000000e+02
-9.100000000000000000e+01
-6.200000000000000000e+02
-2.760000000000000000e+02
-1.492000000000000000e+03
-5.950000000000000000e+02
-1.661000000000000000e+03
-1.583000000000000000e+03
1.840000000000000000e+02
-1.530000000000000000e+02
-1.900000000000000000e+02
-1.152000000000000000e+03
-6.450000000000000000e+02
-6.630000000000000000e+02
-2.834000000000000000e+03
-4.100000000000000000e+01
-1.052000000000000000e+03
-1.105000000000000000e+03
-1.534000000000000000e+03
-1.110000000000000000e+02
-5.040000000000000000e+02
-3.730000000000000000e+02
-1.271000000000000000e+03
-1.458000000000000000e+03
-4.160000000000000000e+02
-2.540000000000000000e+02
-8.450000000000000000e+02
2.450000000000000000e+02
2.700000000000000000e+01
-6.220000000000000000e+02
4.930000000000000000e+02
-6.240000000000000000e+02
-8.050000000000000000e+02
-9.100000000000000000e+02
-1.060000000000000000e+03
-1.078000000000000000e+03
-8.780000000000000000e+02
-5.390000000000000000e+02
-6.090000000000000000e+02
-1.072000000000000000e+03
-1.180000000000000000e+02
-1.190000000000000000e+03
-8.700000000000000000e+01
-9.160000000000000000e+02
-1.630000000000000000e+02
-5.120000000000000000e+02
-5.440000000000000000e+02
-1.027000000000000000e+03
3.830000000000000000e+02
-1.585000000000000000e+03
-2.650000000000000000e+02
-7.250000000000000000e+02
-9.940000000000000000e+02
-2.190000000000000000e+02
-1.380000000000000000e+02
-2.940000000000000000e+02
-1.548000000000000000e+03
-5.430000000000000000e+02
-3.730000000000000000e+02
-3.070000000000000000e+02
-1.028000000000000000e+03
-1.107000000000000000e+03
-1.170000000000000000e+03
-1.207000000000000000e+03
-5.520000000000000000e+02
-9.450000000000000000e+02
-1.616000000000000000e+03
-5.720000000000000000e+02
-1.193000000000000000e+03
-1.233000000000000000e+03
-9.320000000000000000e+02
-2.760000000000000000e+02
-1.339000000000000000e+03
-8.960000000000000000e+02
-2.890000000000000000e+02
-1.008000000000000000e+03
-6.930000000000000000e+02
-2.390000000000000000e+02
-4.720000000000000000e+02
1.000000000000000000e+00
-1.450000000000000000e+02
-4.670000000000000000e+02
-6.210000000000000000e+02
-2.980000000000000000e+02
-9.030000000000000000e+02
-2.565000000000000000e+03
-2.330000000000000000e+02
-1.242000000000000000e+03
-6.760000000000000000e+02
-5.190000000000000000e+02
-9.100000000000000000e+02
-6.280000000000000000e+02
-2.750000000000000000e+02
-7.940000000000000000e+02
-2.610000000000000000e+02
-2.440000000000000000e+02
-1.094000000000000000e+03
-9.160000000000000000e+02
-6.860000000000000000e+02
-2.954000000000000000e+03
-2.880000000000000000e+02
-9.100000000000000000e+01
-6.510000000000000000e+02
-1.171000000000000000e+03
2.730000000000000000e+02
-8.340000000000000000e+02
-2.470000000000000000e+02
-2.284000000000000000e+03
-1.922000000000000000e+03
2.700000000000000000e+02
-7.800000000000000000e+02
-8.130000000000000000e+02
-2.457000000000000000e+03
-2.290000000000000000e+02
-4.940000000000000000e+02
-2.530000000000000000e+02
-1.070000000000000000e+03
-8.840000000000000000e+02
-4.430000000000000000e+02
-2.283000000000000000e+03
-2.070000000000000000e+03
-9.830000000000000000e+02
-2.620000000000000000e+02
2.640000000000000000e+02
7.000000000000000000e+01
4.900000000000000000e+02
2.720000000000000000e+02
2.100000000000000000e+01
1.390000000000000000e+02
8.100000000000000000e+01
-1.203000000000000000e+03
-2.540000000000000000e+02
-5.480000000000000000e+02
5.180000000000000000e+02
-5.950000000000000000e+02
-3.330000000000000000e+02
-1.158000000000000000e+03
-1.530000000000000000e+02
-4.230000000000000000e+02
-5.300000000000000000e+01
-7.660000000000000000e+02
-7.700000000000000000e+02
-1.195000000000000000e+03
-1.029000000000000000e+03
-2.840000000000000000e+02
-3.655000000000000000e+03
-5.500000000000000000e+02
-9.000000000000000000e+02
-1.861000000000000000e+03
-4.670000000000000000e+02
-1.750000000000000000e+03
-6.510000000000000000e+02
-1.294000000000000000e+03
-8.070000000000000000e+02
-9.710000000000000000e+02
-2.410000000000000000e+02
-3.570000000000000000e+02
-1.096000000000000000e+03
-8.240000000000000000e+02
-8.610000000000000000e+02
-2.540000000000000000e+02
-2.025000000000000000e+03
-1.296000000000000000e+03
-1.595000000000000000e+03
4.240000000000000000e+02
-1.000000000000000000e+00
-1.266000000000000000e+03
-6.730000000000000000e+02
-3.470000000000000000e+02
-2.830000000000000000e+02
-5.890000000000000000e+02
4.980000000000000000e+02
-6.800000000000000000e+02
-4.240000000000000000e+02
-3.120000000000000000e+02
-4.060000000000000000e+02
-8.350000000000000000e+02
-1.211000000000000000e+03
-1.180000000000000000e+03
1.900000000000000000e+01
-7.070000000000000000e+02
-6.783000000000000000e+03
-4.100000000000000000e+02
-2.700000000000000000e+02
-1.145000000000000000e+03
-8.620000000000000000e+02
-1.127000000000000000e+03
-1.424000000000000000e+03
-6.240000000000000000e+02
-4.540000000000000000e+02
-7.990000000000000000e+02
-6.520000000000000000e+02
-9.000000000000000000e+00
-2.790000000000000000e+02
-5.250000000000000000e+02
-5.160000000000000000e+02
-7.500000000000000000e+02
-6.620000000000000000e+02
-1.180000000000000000e+02
-4.510000000000000000e+02
-6.010000000000000000e+02
-3.240000000000000000e+02
-1.068000000000000000e+03
1.030000000000000000e+02
-8.930000000000000000e+02
-2.070000000000000000e+03
-5.120000000000000000e+02
-8.780000000000000000e+02
-1.106000000000000000e+03
-1.740000000000000000e+02
-4.390000000000000000e+02
-5.870000000000000000e+02
2.130000000000000000e+02
-1.750000000000000000e+02
-7.920000000000000000e+02
-5.200000000000000000e+02
-1.217000000000000000e+03
-2.057000000000000000e+03
-7.980000000000000000e+02
-4.880000000000000000e+02
-2.281000000000000000e+03
-6.480000000000000000e+02
7.000000000000000000e+01
-5.810000000000000000e+02
-1.900000000000000000e+03
-1.128000000000000000e+03
-6.240000000000000000e+02
-8.650000000000000000e+02
-5.410000000000000000e+02
-1.213000000000000000e+03
-1.523000000000000000e+03
-5.550000000000000000e+02
-8.040000000000000000e+02
-9.230000000000000000e+02
-1.145000000000000000e+03
-8.300000000000000000e+01
-8.090000000000000000e+02
-1.918000000000000000e+03
1.760000000000000000e+02
-4.490000000000000000e+02
-3.040000000000000000e+02
-1.605000000000000000e+03
-8.450000000000000000e+02
-2.860000000000000000e+02
-8.280000000000000000e+02
-2.580000000000000000e+02
-1.269000000000000000e+03
-1.378000000000000000e+03
-4.510000000000000000e+02
1.500000000000000000e+01
-5.360000000000000000e+02
-1.706000000000000000e+03
9.900000000000000000e+01
-5.660000000000000000e+02
-1.237000000000000000e+03
-3.770000000000000000e+02
-1.960000000000000000e+02
-4.320000000000000000e+02
-9.090000000000000000e+02
-4.490000000000000000e+02
-7.980000000000000000e+02
-4.280000000000000000e+02
-1.180000000000000000e+02
-5.010000000000000000e+02
-3.670000000000000000e+02
-1.430000000000000000e+02
-1.369000000000000000e+03
3.740000000000000000e+02
-5.790000000000000000e+02
-5.860000000000000000e+02
-6.040000000000000000e+02
-1.016000000000000000e+03
-8.180000000000000000e+02
