-1.676000000000000000e+03
-1.755000000000000000e+03
-1.130000000000000000e+03
-1.043000000000000000e+03
-6.680000000000000000e+02
-6.720000000000000000e+02
-9.950000000000000000e+02
-5.890000000000000000e+02
-9.820000000000000000e+02
-1.663000000000000000e+03
-1.815000000000000000e+03
-1.199000000000000000e+03
-1.865000000000000000e+03
-1.888000000000000000e+03
-7.670000000000000000e+02
-5.200000000000000000e+02
-1.522000000000000000e+03
-9.670000000000000000e+02
-2.320000000000000000e+02
-1.027000000000000000e+03
7.300000000000000000e+01
-8.710000000000000000e+02
-5.870000000000000000e+02
-1.400000000000000000e+03
-1.502000000000000000e+03
7.800000000000000000e+01
-4.480000000000000000e+02
-1.828000000000000000e+03
-1.175000000000000000e+03
-1.230000000000000000e+03
-1.031000000000000000e+03
-1.565000000000000000e+03
-1.206000000000000000e+03
-2.004000000000000000e+03
1.048000000000000000e+03
-1.450000000000000000e+03
-9.030000000000000000e+02
-1.740000000000000000e+02
-1.456000000000000000e+03
-5.630000000000000000e+02
1.144000000000000000e+03
-7.600000000000000000e+02
-8.870000000000000000e+02
1.740000000000000000e+02
-1.654000000000000000e+03
-9.990000000000000000e+02
-1.747000000000000000e+03
-9.090000000000000000e+02
-1.590000000000000000e+03
-1.462000000000000000e+03
-2.348000000000000000e+03
-1.189000000000000000e+03
-2.225000000000000000e+03
-1.900000000000000000e+02
-2.300000000000000000e+02
-1.758000000000000000e+03
-9.080000000000000000e+02
-1.982000000000000000e+03
-8.330000000000000000e+02
-1.121000000000000000e+03
-1.341000000000000000e+03
-1.734000000000000000e+03
-1.562000000000000000e+03
-9.200000000000000000e+02
-6.720000000000000000e+02
-1.157000000000000000e+03
-1.049000000000000000e+03
-1.458000000000000000e+03
-9.680000000000000000e+02
-5.290000000000000000e+02
-4.870000000000000000e+02
-9.550000000000000000e+02
4.880000000000000000e+02
-1.553000000000000000e+03
-1.551000000000000000e+03
9.770000000000000000e+02
-5.160000000000000000e+02
-5.930000000000000000e+02
4.010000000000000000e+02
-1.569000000000000000e+03
-7.270000000000000000e+02
-1.697000000000000000e+03
-1.248000000000000000e+03
-1.932000000000000000e+03
-1.823000000000000000e+03
-9.030000000000000000e+02
-1.452000000000000000e+03
-8.190000000000000000e+02
-8.140000000000000000e+02
-1.931000000000000000e+03
-9.530000000000000000e+02
-7.010000000000000000e+02
-3.600000000000000000e+02
-1.549000000000000000e+03
-2.180000000000000000e+03
3.330000000000000000e+02
7.060000000000000000e+02
-2.400000000000000000e+02
-7.490000000000000000e+02
-1.047000000000000000e+03
-9.100000000000000000e+02
-1.277000000000000000e+03
-8.130000000000000000e+02
-1.267000000000000000e+03
-1.668000000000000000e+03
-1.315000000000000000e+03
-1.014000000000000000e+03
-1.392000000000000000e+03
-1.375000000000000000e+03
-1.236000000000000000e+03
-3.550000000000000000e+02
-1.810000000000000000e+03
-9.720000000000000000e+02
-5.840000000000000000e+02
-3.080000000000000000e+02
-1.049000000000000000e+03
-1.843000000000000000e+03
-1.229000000000000000e+03
-1.576000000000000000e+03
-3.760000000000000000e+02
-1.746000000000000000e+03
-7.460000000000000000e+02
-1.725000000000000000e+03
-1.475000000000000000e+03
-7.760000000000000000e+02
-2.280000000000000000e+02
-9.470000000000000000e+02
-4.800000000000000000e+02
-1.239000000000000000e+03
-1.054000000000000000e+03
-1.155000000000000000e+03
-1.024000000000000000e+03
-1.249000000000000000e+03
-1.956000000000000000e+03
-1.440000000000000000e+03
-1.759000000000000000e+03
-1.777000000000000000e+03
-7.630000000000000000e+02
-2.780000000000000000e+02
-1.199000000000000000e+03
-8.040000000000000000e+02
-2.179000000000000000e+03
-1.358000000000000000e+03
-1.948000000000000000e+03
-1.258000000000000000e+03
-5.300000000000000000e+01
-1.027000000000000000e+03
-1.204000000000000000e+03
-1.096000000000000000e+03
-1.552000000000000000e+03
-1.605000000000000000e+03
-2.140000000000000000e+02
-1.829000000000000000e+03
-6.030000000000000000e+02
-9.130000000000000000e+02
-7.990000000000000000e+02
-3.600000000000000000e+01
-5.000000000000000000e+01
-1.080000000000000000e+03
-1.319000000000000000e+03
-2.076000000000000000e+03
1.210000000000000000e+03
8.430000000000000000e+02
-5.270000000000000000e+02
-6.700000000000000000e+01
-1.098000000000000000e+03
-1.447000000000000000e+03
4.350000000000000000e+02
-1.550000000000000000e+03
-1.150000000000000000e+03
-2.024000000000000000e+03
-6.250000000000000000e+02
-2.109000000000000000e+03
-4.260000000000000000e+02
-1.242000000000000000e+03
-1.546000000000000000e+03
-7.280000000000000000e+02
-1.339000000000000000e+03
-3.570000000000000000e+02
-3.420000000000000000e+02
-1.857000000000000000e+03
-9.960000000000000000e+02
-1.379000000000000000e+03
-8.390000000000000000e+02
-8.670000000000000000e+02
-1.035000000000000000e+03
2.000000000000000000e+01
-1.268000000000000000e+03
-1.367000000000000000e+03
-1.478000000000000000e+03
-1.601000000000000000e+03
-1.123000000000000000e+03
-6.450000000000000000e+02
5.910000000000000000e+02
-1.163000000000000000e+03
8.360000000000000000e+02
-7.510000000000000000e+02
-1.829000000000000000e+03
-6.370000000000000000e+02
-1.454000000000000000e+03
-1.317000000000000000e+03
-6.790000000000000000e+02
-3.970000000000000000e+02
-4.600000000000000000e+02
-1.484000000000000000e+03
-1.807000000000000000e+03
-1.014000000000000000e+03
-2.169000000000000000e+03
-9.390000000000000000e+02
-1.660000000000000000e+02
-1.191000000000000000e+03
-7.970000000000000000e+02
-1.268000000000000000e+03
-1.264000000000000000e+03
-1.160000000000000000e+03
-6.720000000000000000e+02
-1.137000000000000000e+03
-1.966000000000000000e+03
-5.670000000000000000e+02
-1.414000000000000000e+03
-6.710000000000000000e+02
-1.484000000000000000e+03
-9.350000000000000000e+02
-1.052000000000000000e+03
-1.489000000000000000e+03
-1.954000000000000000e+03
-1.732000000000000000e+03
-5.910000000000000000e+02
-1.375000000000000000e+03
-5.970000000000000000e+02
-1.520000000000000000e+03
-7.340000000000000000e+02
-1.473000000000000000e+03
7.700000000000000000e+01
-8.480000000000000000e+02
-5.340000000000000000e+02
-1.042000000000000000e+03
-3.430000000000000000e+02
-6.250000000000000000e+02
-1.787000000000000000e+03
-1.026000000000000000e+03
-1.260000000000000000e+02
-1.142000000000000000e+03
-1.693000000000000000e+03
6.250000000000000000e+02
6.230000000000000000e+02
-6.100000000000000000e+02
-1.220000000000000000e+03
-7.680000000000000000e+02
-9.170000000000000000e+02
-9.250000000000000000e+02
-1.124000000000000000e+03
-8.350000000000000000e+02
-9.670000000000000000e+02
-1.063000000000000000e+03
-6.360000000000000000e+02
