-3.720000000000000000e+02
2.670000000000000000e+02
3.400000000000000000e+01
-6.190000000000000000e+02
-8.490000000000000000e+02
4.900000000000000000e+01
-9.840000000000000000e+02
-5.540000000000000000e+02
-1.041000000000000000e+03
-4.640000000000000000e+02
-1.221000000000000000e+03
-4.840000000000000000e+02
-1.601000000000000000e+03
4.100000000000000000e+01
-1.063000000000000000e+03
1.196000000000000000e+03
2.140000000000000000e+02
-2.630000000000000000e+02
-9.330000000000000000e+02
-8.280000000000000000e+02
-1.344000000000000000e+03
-1.253000000000000000e+03
-6.160000000000000000e+02
-7.760000000000000000e+02
-4.480000000000000000e+02
-1.161000000000000000e+03
-1.276000000000000000e+03
-1.263000000000000000e+03
-1.065000000000000000e+03
-1.158000000000000000e+03
-1.051000000000000000e+03
-1.757000000000000000e+03
-1.320000000000000000e+02
-8.540000000000000000e+02
-3.530000000000000000e+02
-2.640000000000000000e+02
-9.940000000000000000e+02
-1.167000000000000000e+03
-1.142000000000000000e+03
-8.250000000000000000e+02
1.230000000000000000e+02
-1.258000000000000000e+03
-9.420000000000000000e+02
-5.960000000000000000e+02
-7.200000000000000000e+01
-1.161000000000000000e+03
-1.366000000000000000e+03
3.560000000000000000e+02
-5.490000000000000000e+02
-5.700000000000000000e+01
-8.410000000000000000e+02
4.030000000000000000e+02
-1.185000000000000000e+03
-3.360000000000000000e+02
-7.590000000000000000e+02
-8.960000000000000000e+02
-7.810000000000000000e+02
1.886000000000000000e+03
-1.309000000000000000e+03
-4.280000000000000000e+02
-7.660000000000000000e+02
-1.864000000000000000e+03
-1.510000000000000000e+02
-9.390000000000000000e+02
-1.267000000000000000e+03
-2.074000000000000000e+03
-6.870000000000000000e+02
-9.210000000000000000e+02
-1.910000000000000000e+02
-1.335000000000000000e+03
-2.860000000000000000e+02
-5.240000000000000000e+02
-1.884000000000000000e+03
-4.730000000000000000e+02
-6.550000000000000000e+02
-2.250000000000000000e+02
-2.340000000000000000e+02
-3.530000000000000000e+02
-1.282000000000000000e+03
-1.323000000000000000e+03
4.500000000000000000e+02
-1.250000000000000000e+02
-1.503000000000000000e+03
-1.500000000000000000e+03
-7.880000000000000000e+02
-1.170000000000000000e+03
-1.453000000000000000e+03
-7.010000000000000000e+02
-1.399000000000000000e+03
-1.362000000000000000e+03
-2.080000000000000000e+02
-8.470000000000000000e+02
-6.030000000000000000e+02
-7.980000000000000000e+02
-2.800000000000000000e+02
-3.700000000000000000e+01
-9.100000000000000000e+02
-8.490000000000000000e+02
-7.220000000000000000e+02
-2.216000000000000000e+03
-6.580000000000000000e+02
-1.654000000000000000e+03
-6.450000000000000000e+02
-1.694000000000000000e+03
-6.870000000000000000e+02
-1.460000000000000000e+03
-2.880000000000000000e+02
-8.130000000000000000e+02
-9.930000000000000000e+02
-1.879000000000000000e+03
-1.761000000000000000e+03
-1.481000000000000000e+03
-9.640000000000000000e+02
-7.840000000000000000e+02
-6.810000000000000000e+02
-1.202000000000000000e+03
6.560000000000000000e+02
-3.900000000000000000e+02
-9.330000000000000000e+02
-4.740000000000000000e+02
-5.950000000000000000e+02
-9.200000000000000000e+01
5.060000000000000000e+02
-3.860000000000000000e+02
-1.509000000000000000e+03
-1.005000000000000000e+03
-7.390000000000000000e+02
-1.650000000000000000e+02
-8.540000000000000000e+02
-9.600000000000000000e+02
-2.630000000000000000e+02
-1.266000000000000000e+03
-9.000000000000000000e+01
-1.206000000000000000e+03
-9.140000000000000000e+02
-2.500000000000000000e+01
-1.009000000000000000e+03
-5.350000000000000000e+02
-4.940000000000000000e+02
-3.520000000000000000e+02
-6.260000000000000000e+02
-3.540000000000000000e+02
-4.740000000000000000e+02
-1.348000000000000000e+03
6.660000000000000000e+02
-3.840000000000000000e+02
-3.060000000000000000e+02
-4.980000000000000000e+02
-6.650000000000000000e+02
-1.017000000000000000e+03
-1.295000000000000000e+03
-3.320000000000000000e+02
3.880000000000000000e+02
-2.030000000000000000e+02
-4.690000000000000000e+02
2.610000000000000000e+02
-1.292000000000000000e+03
-5.920000000000000000e+02
-1.010000000000000000e+03
9.910000000000000000e+02
-1.108000000000000000e+03
-2.454000000000000000e+03
-1.488000000000000000e+03
2.590000000000000000e+02
-1.426000000000000000e+03
5.490000000000000000e+02
-4.430000000000000000e+02
9.200000000000000000e+02
-1.329000000000000000e+03
-4.570000000000000000e+02
-1.146000000000000000e+03
-1.076000000000000000e+03
-1.732000000000000000e+03
-2.700000000000000000e+01
6.620000000000000000e+02
1.950000000000000000e+02
-1.781000000000000000e+03
1.440000000000000000e+02
-2.500000000000000000e+01
-1.787000000000000000e+03
-8.780000000000000000e+02
-4.170000000000000000e+02
-1.026000000000000000e+03
-3.900000000000000000e+01
-9.530000000000000000e+02
-1.367000000000000000e+03
-3.960000000000000000e+02
4.500000000000000000e+01
-4.120000000000000000e+02
-1.900000000000000000e+02
-1.710000000000000000e+03
-7.040000000000000000e+02
-1.145000000000000000e+03
-1.510000000000000000e+02
-8.300000000000000000e+01
-4.740000000000000000e+02
-1.448000000000000000e+03
2.330000000000000000e+02
-4.680000000000000000e+02
-1.232000000000000000e+03
-1.101000000000000000e+03
-1.196000000000000000e+03
-7.760000000000000000e+02
-8.220000000000000000e+02
-4.200000000000000000e+02
-1.537000000000000000e+03
7.450000000000000000e+02
-1.062000000000000000e+03
-1.644000000000000000e+03
-5.310000000000000000e+02
-5.230000000000000000e+02
-6.110000000000000000e+02
1.990000000000000000e+02
-8.370000000000000000e+02
-1.800000000000000000e+01
-9.380000000000000000e+02
-4.420000000000000000e+02
-7.640000000000000000e+02
-2.980000000000000000e+02
-1.036000000000000000e+03
-3.610000000000000000e+02
-7.260000000000000000e+02
-8.710000000000000000e+02
2.520000000000000000e+02
-1.688000000000000000e+03
-8.060000000000000000e+02
-2.000000000000000000e+02
-1.147000000000000000e+03
-1.292000000000000000e+03
-1.845000000000000000e+03
-6.060000000000000000e+02
2.420000000000000000e+02
-1.860000000000000000e+02
-1.003000000000000000e+03
-7.960000000000000000e+02
-1.139000000000000000e+03
-1.018000000000000000e+03
-1.700000000000000000e+03
-9.810000000000000000e+02
-3.420000000000000000e+02
-1.229000000000000000e+03
-1.030000000000000000e+02
-1.083000000000000000e+03
-1.865000000000000000e+03
-1.812000000000000000e+03
-1.479000000000000000e+03
-9.590000000000000000e+02
-8.300000000000000000e+01
4.500000000000000000e+02
-1.225000000000000000e+03
-8.110000000000000000e+02
-1.860000000000000000e+03
-5.600000000000000000e+01
-1.455000000000000000e+03
-1.414000000000000000e+03
-5.830000000000000000e+02
