72
1,7,2,3,3,224,64,112,-1,-2,0
3,3,2,1,64,112,64,56,0,-2,0
1,1,1,0,64,56,64,56,1,-2,0
1,3,1,1,64,56,64,56,2,-2,0
1,1,1,0,64,56,256,56,1,-2,0
1,1,1,0,64,56,256,56,3,-2,0
7,0,0,0,256,56,256,56,4,5,0
1,1,1,0,256,56,64,56,6,-2,0
1,3,1,1,64,56,64,56,7,-2,0
1,1,1,0,64,56,256,56,8,-2,0
7,0,0,0,256,56,256,56,6,9,0
1,1,1,0,256,56,64,56,10,-2,0
1,3,1,1,64,56,64,56,11,-2,0
1,1,1,0,64,56,256,56,12,-2,0
7,0,0,0,256,56,256,56,10,13,0
1,1,2,0,256,56,128,28,14,-2,0
1,3,1,1,128,28,128,28,15,-2,0
1,1,2,0,256,56,512,28,14,-2,0
1,1,1,0,128,28,512,28,16,-2,0
7,0,0,0,512,28,512,28,17,18,0
1,1,1,0,512,28,128,28,19,-2,0
1,3,1,1,128,28,128,28,20,-2,0
1,1,1,0,128,28,512,28,21,-2,0
7,0,0,0,512,28,512,28,19,22,0
1,1,1,0,512,28,128,28,23,-2,0
1,3,1,1,128,28,128,28,24,-2,0
1,1,1,0,128,28,512,28,25,-2,0
7,0,0,0,512,28,512,28,23,26,0
1,1,1,0,512,28,128,28,27,-2,0
1,3,1,1,128,28,128,28,28,-2,0
1,1,1,0,128,28,512,28,29,-2,0
7,0,0,0,512,28,512,28,27,30,0
1,1,2,0,512,28,256,14,31,-2,0
1,3,1,1,256,14,256,14,32,-2,0
1,1,2,0,512,28,1024,14,31,-2,0
1,1,1,0,256,14,1024,14,33,-2,0
7,0,0,0,1024,14,1024,14,34,35,0
1,1,1,0,1024,14,256,14,36,-2,0
1,3,1,1,256,14,256,14,37,-2,0
1,1,1,0,256,14,1024,14,38,-2,0
7,0,0,0,1024,14,1024,14,36,39,0
1,1,1,0,1024,14,256,14,40,-2,0
1,3,1,1,256,14,256,14,41,-2,0
1,1,1,0,256,14,1024,14,42,-2,0
7,0,0,0,1024,14,1024,14,40,43,0
1,1,1,0,1024,14,256,14,44,-2,0
1,3,1,1,256,14,256,14,45,-2,0
1,1,1,0,256,14,1024,14,46,-2,0
7,0,0,0,1024,14,1024,14,44,47,0
1,1,1,0,1024,14,256,14,48,-2,0
1,3,1,1,256,14,256,14,49,-2,0
1,1,1,0,256,14,1024,14,50,-2,0
7,0,0,0,1024,14,1024,14,48,51,0
1,1,1,0,1024,14,256,14,52,-2,0
1,3,1,1,256,14,256,14,53,-2,0
1,1,1,0,256,14,1024,14,54,-2,0
7,0,0,0,1024,14,1024,14,52,55,0
1,1,2,0,1024,14,512,7,56,-2,0
1,3,1,1,512,7,512,7,57,-2,0
1,1,2,0,1024,14,2048,7,56,-2,0
1,1,1,0,512,7,2048,7,58,-2,0
7,0,0,0,2048,7,2048,7,59,60,0
1,1,1,0,2048,7,512,7,61,-2,0
1,3,1,1,512,7,512,7,62,-2,0
1,1,1,0,512,7,2048,7,63,-2,0
7,0,0,0,2048,7,2048,7,61,64,0
1,1,1,0,2048,7,512,7,65,-2,0
1,3,1,1,512,7,512,7,66,-2,0
1,1,1,0,512,7,2048,7,67,-2,0
7,0,0,0,2048,7,2048,7,65,68,0
8,0,0,0,2048,7,2048,1,69,-2,0
5,0,0,0,2048,1,1000,1,70,-2,0
