5475.223338817448,20.050716877542822
0,0
151.11814336385405,22.26874264330003
416.80212619889915,23.415428873709292
75.97459424654375,8.202006791381242
72.59294427466659,19.494738312177056
0,0
192.5470180379331,24.94071499793611
210.82497770250842,45.78325271849463
89.61355012341961,25.340559729851204
0,0
360.6548118843924,27.024246993896117
308.2384691211288,56.87031567987834
104.26391143657199,33.704080239354404
0,0
278.00513708415804,39.264687458675176
320.6614862141712,29.141171790238246
135.22623890108306,19.850945091074635
65.88443039375932,26.936949195603205
0,0
494.49974424504944,30.034478185677724
309.80710679974163,55.60264958729895
59.526596717143384,35.38229589307554
0,0
143.31455987994087,38.88056485642573
88.49774634006623,20.83521177906493
66.40875467146014,38.769985342162144
0,0
240.6880845694066,36.428504467286835
314.6048875309748,66.94489013492873
114.57570615192304,36.2762647059144
0,0
254.57248863122268,50.72658361121332
474.1921753297297,36.12335674571431
213.55055536306742,33.24535179676643
75.91925667408314,30.440715888271324
0,0
325.7048284253686,42.88327090955169
132.3119031793013,41.90363738286408
67.7160691936832,51.934983164507166
0,0
369.632466355515,40.80115072416989
139.53375761107299,49.84207947255464
77.79390457188143,56.07206002447616
0,0
312.45197837874616,51.890411444642034
201.9505588005422,37.76055059242788
77.94874268293005,55.150607320060786
0,0
294.0433434891856,67.99367696134695
186.632833264778,46.43572571364611
99.60501390314815,22.406227816776227
0,0
300.2658701314221,78.18750957295958
241.03591986595154,51.90463976919691
94.01266535227883,42.86348093947808
0,0
376.15017574335644,53.538974909250115
228.82705647587636,57.82783051000915
45.02182373862361,24.467286439943976
27.409708804208076,18.27446383003337
0,0
999.9150269547313,39.51231106952588
154.15687880398875,49.23533601565396
35.86894003267334,15.139326803270489
0,0
1013.2886708372101,46.56080091940424
323.6410567675667,53.04260104377128
23.941543931089193,26.05586187742123
0,0
0,0
172.51708624079384,4378.784541593202
